BoneCount: 39
RootBone: 0
BoneName: RootNode
BoneIndex: 0
ParentIndex: -1
BoneChildCount: 2
1
2
1.000000 0.000000 0.000000 0.000000
0.000000 1.000000 0.000000 0.000000
0.000000 0.000000 1.000000 0.000000
0.000000 0.000000 0.000000 1.000000
1.000000 0.000000 -0.000000 0.000000
0.000000 1.000000 -0.000000 0.000000
-0.000000 -0.000000 1.000000 -0.000000
0.000000 0.000000 -0.000000 1.000000
BoneName: MutantMesh
BoneIndex: 1
ParentIndex: 0
BoneChildCount: 0
1.000000 0.000000 0.000000 0.000000
0.000000 1.000000 0.000000 0.000000
0.000000 0.000000 1.000000 0.000000
0.000000 0.000000 0.000000 1.000000
1.000000 0.000000 -0.000000 0.000000
0.000000 1.000000 -0.000000 0.000000
-0.000000 -0.000000 1.000000 -0.000000
0.000000 0.000000 -0.000000 1.000000
BoneName: mixamorig:Hips
BoneIndex: 2
ParentIndex: 0
BoneChildCount: 3
3
29
34
1.000000 -0.000002 0.000000 0.000000
0.000002 1.000000 0.000000 0.000000
-0.000000 0.000000 1.000000 -0.000000
-0.000002 -0.925549 0.045525 1.000000
1.000000 0.000000 -0.000000 0.000000
0.000000 1.000000 -0.000000 0.000000
-0.000000 -0.000000 1.000000 -0.000000
0.000000 0.925549 -0.045525 1.000000
BoneName: mixamorig:Spine
BoneIndex: 3
ParentIndex: 2
BoneChildCount: 1
4
0.999999 -0.001449 -0.000213 0.000000
0.001452 0.999847 0.017413 0.000000
0.000187 -0.017414 0.999848 -0.000000
-0.001490 -1.034039 0.039960 1.000000
0.999999 0.001451 0.000187 0.000000
-0.001447 0.999847 -0.017414 0.000000
-0.000213 0.017413 0.999848 -0.000000
0.000000 0.107639 -0.012435 1.000000
BoneName: mixamorig:Spine1
BoneIndex: 4
ParentIndex: 3
BoneChildCount: 1
5
0.999999 -0.001661 -0.000096 0.000000
0.001650 0.997517 -0.070403 0.000000
0.000213 0.070403 0.997519 -0.000000
-0.001719 -1.156671 0.142021 1.000000
1.000000 0.000198 0.000029 0.000000
-0.000199 0.996141 0.087763 0.000000
-0.000012 -0.087763 0.996141 -0.000000
0.000000 0.130633 0.000000 1.000000
BoneName: mixamorig:Spine2
BoneIndex: 5
ParentIndex: 4
BoneChildCount: 3
6
9
13
1.000000 0.000000 0.000000 0.000000
-0.000000 1.000000 -0.000000 0.000000
-0.000000 -0.000000 1.000000 -0.000000
0.000406 -1.293683 0.051068 1.000000
0.999999 -0.001661 -0.000096 0.000000
0.001650 0.997517 -0.070403 0.000000
0.000213 0.070403 0.997519 -0.000000
-0.000000 0.130205 0.000000 1.000000
BoneName: mixamorig:Neck
BoneIndex: 6
ParentIndex: 5
BoneChildCount: 1
7
1.000000 0.000000 0.000000 0.000000
-0.000000 1.000000 -0.000000 0.000000
-0.000000 -0.000000 1.000000 -0.000000
0.000525 -1.540389 0.071349 1.000000
1.000000 0.000000 -0.000000 0.000000
0.000000 1.000000 -0.000000 0.000000
-0.000000 -0.000000 1.000000 -0.000000
-0.000119 0.246707 -0.020281 1.000000
BoneName: mixamorig:Head
BoneIndex: 7
ParentIndex: 6
BoneChildCount: 1
8
1.000000 0.000000 0.000000 0.000000
-0.000000 1.000000 -0.000000 0.000000
-0.000000 -0.000000 1.000000 -0.000000
0.000525 -1.628563 0.132375 1.000000
1.000000 0.000000 -0.000000 0.000000
0.000000 1.000000 -0.000000 0.000000
-0.000000 -0.000000 1.000000 -0.000000
-0.000000 0.088173 -0.061026 1.000000
BoneName: mixamorig:HeadTop_End
BoneIndex: 8
ParentIndex: 7
BoneChildCount: 0
1.000000 0.000000 0.000000 0.000000
-0.000000 1.000000 -0.000000 0.000000
-0.000000 -0.000000 1.000000 -0.000000
0.000525 -1.833502 0.129550 1.000000
1.000000 0.000000 -0.000000 0.000000
0.000000 1.000000 -0.000000 0.000000
-0.000000 -0.000000 1.000000 -0.000000
0.000000 0.204939 0.002825 1.000000
BoneName: mixamorig:LeftShoulder
BoneIndex: 9
ParentIndex: 5
BoneChildCount: 1
10
-0.051512 0.992098 -0.114404 0.000000
0.000000 0.114556 0.993417 0.000000
0.998672 0.051173 -0.005901 -0.000000
0.003692 -0.261043 -1.433872 1.000000
-0.051512 0.000000 0.998672 0.000000
0.992098 0.114556 0.051173 0.000000
-0.114404 0.993417 -0.005901 -0.000000
0.095536 0.160654 0.052278 1.000000
BoneName: mixamorig:LeftArm
BoneIndex: 10
ParentIndex: 9
BoneChildCount: 1
11
-0.055236 0.998473 0.000003 0.000000
0.000000 -0.000003 1.000000 0.000000
0.998473 0.055236 0.000000 -0.000000
0.004714 -0.274213 -1.474998 1.000000
0.999993 -0.003705 0.000427 0.000000
0.003729 0.993410 -0.114558 0.000000
-0.000000 0.114559 0.993416 -0.000000
-0.000000 0.180355 0.000000 1.000000
BoneName: mixamorig:LeftForeArm
BoneIndex: 11
ParentIndex: 10
BoneChildCount: 1
12
0.000001 1.000000 -0.000013 0.000000
0.000000 0.000013 1.000000 0.000000
1.000000 -0.000001 0.000000 -0.000000
-0.025031 -0.537827 -1.474989 1.000000
0.998473 0.055237 0.000000 0.000000
-0.055237 0.998473 0.000017 0.000000
0.000001 -0.000017 1.000000 -0.000000
0.000000 0.264151 0.000000 1.000000
BoneName: mixamorig:LeftHand
BoneIndex: 12
ParentIndex: 11
BoneChildCount: 0
0.000001 1.000000 -0.000013 0.000000
0.000000 0.000013 1.000000 0.000000
1.000000 -0.000001 0.000000 -0.000000
-0.025031 -0.805361 -1.474989 1.000000
1.000000 0.000000 -0.000000 0.000000
0.000000 1.000000 -0.000000 0.000000
-0.000000 -0.000000 1.000000 -0.000000
-0.000000 0.267534 0.000000 1.000000
BoneName: mixamorig:RightShoulder
BoneIndex: 13
ParentIndex: 5
BoneChildCount: 1
14
-0.051746 -0.992025 0.114925 0.000000
0.000000 0.115079 0.993356 0.000000
-0.998660 0.051402 -0.005955 -0.000000
-0.003756 -0.262602 -1.433641 1.000000
-0.051746 0.000000 -0.998660 0.000000
-0.992025 0.115079 0.051402 0.000000
0.114925 0.993356 -0.005955 -0.000000
-0.095536 0.160654 0.052278 1.000000
BoneName: mixamorig:RightArm
BoneIndex: 14
ParentIndex: 13
BoneChildCount: 1
15
-0.055236 -0.998473 -0.000010 0.000000
0.000000 -0.000010 1.000000 0.000000
-0.998473 0.055236 0.000001 -0.000000
-0.004714 -0.274203 -1.475002 1.000000
0.999994 0.003472 -0.000402 0.000000
-0.003495 0.993349 -0.115089 0.000000
-0.000000 0.115090 0.993355 -0.000000
0.000000 0.179551 -0.000000 1.000000
BoneName: mixamorig:RightForeArm
BoneIndex: 15
ParentIndex: 14
BoneChildCount: 1
16
0.000001 -1.000000 0.000013 0.000000
0.000000 0.000013 1.000000 0.000000
-1.000000 -0.000001 0.000000 -0.000000
0.025030 -0.537827 -1.474989 1.000000
0.998473 -0.055237 -0.000001 0.000000
0.055237 0.998473 0.000023 0.000000
-0.000001 -0.000023 1.000000 -0.000000
0.000000 0.264151 -0.000000 1.000000
BoneName: mixamorig:RightHand
BoneIndex: 16
ParentIndex: 15
BoneChildCount: 3
17
21
25
0.000001 -1.000000 0.000013 0.000000
0.000000 0.000013 1.000000 0.000000
-1.000000 -0.000001 0.000000 -0.000000
0.025030 -0.805361 -1.474989 1.000000
1.000000 0.000000 -0.000000 0.000000
0.000000 1.000000 -0.000000 0.000000
-0.000000 -0.000000 1.000000 -0.000000
-0.000000 0.267534 0.000000 1.000000
BoneName: mixamorig:RightHandIndex1
BoneIndex: 17
ParentIndex: 16
BoneChildCount: 1
18
0.000000 -1.000000 -0.000000 0.000000
-0.000000 -0.000000 1.000000 0.000000
-1.000000 -0.000000 -0.000000 -0.000000
-0.061512 -0.989820 -1.489799 1.000000
1.000000 0.000001 0.000000 0.000000
-0.000001 1.000000 -0.000013 0.000000
-0.000000 0.000013 1.000000 -0.000000
0.086542 0.184478 0.014796 1.000000
BoneName: mixamorig:RightHandIndex2
BoneIndex: 18
ParentIndex: 17
BoneChildCount: 1
19
0.000000 -1.000000 -0.000000 0.000000
-0.000000 -0.000000 1.000000 0.000000
-1.000000 -0.000000 -0.000000 -0.000000
-0.061512 -1.064963 -1.489799 1.000000
1.000000 0.000000 -0.000000 0.000000
0.000000 1.000000 -0.000000 0.000000
-0.000000 -0.000000 1.000000 -0.000000
-0.000000 0.075144 -0.000000 1.000000
BoneName: mixamorig:RightHandIndex3
BoneIndex: 19
ParentIndex: 18
BoneChildCount: 1
20
0.030581 -0.995433 -0.090428 0.000000
0.000000 -0.090470 0.995899 0.000000
-0.999532 -0.030455 -0.002767 -0.000000
-0.026626 -1.001743 -1.586935 1.000000
0.999532 -0.030581 -0.000000 0.000000
0.030455 0.995433 -0.090470 0.000000
0.002767 0.090428 0.995899 -0.000000
-0.000000 0.074894 -0.000000 1.000000
BoneName: mixamorig:RightHandIndex4
BoneIndex: 20
ParentIndex: 19
BoneChildCount: 0
0.030581 -0.995433 -0.090428 0.000000
0.000000 -0.090470 0.995899 0.000000
-0.999532 -0.030455 -0.002767 -0.000000
-0.026626 -1.069440 -1.586935 1.000000
1.000000 0.000000 -0.000000 0.000000
0.000000 1.000000 -0.000000 0.000000
-0.000000 -0.000000 1.000000 -0.000000
-0.000000 0.067697 -0.000000 1.000000
BoneName: mixamorig:RightHandPinky1
BoneIndex: 21
ParentIndex: 16
BoneChildCount: 1
22
-0.000000 -1.000000 0.000000 0.000000
1.000000 -0.000000 0.000001 0.000000
-0.000001 0.000000 1.000000 -0.000000
-1.470222 -0.980420 -0.125062 1.000000
0.000001 0.000013 1.000000 0.000000
-0.000001 1.000000 -0.000013 0.000000
-1.000000 -0.000001 0.000001 -0.000000
-0.100031 0.175078 -0.004780 1.000000
BoneName: mixamorig:RightHandPinky2
BoneIndex: 22
ParentIndex: 21
BoneChildCount: 1
23
-0.000000 -1.000000 0.000000 0.000000
1.000000 -0.000000 0.000001 0.000000
-0.000001 0.000000 1.000000 -0.000000
-1.470222 -1.050862 -0.125062 1.000000
1.000000 0.000000 -0.000000 0.000000
0.000000 1.000000 -0.000000 0.000000
-0.000000 -0.000000 1.000000 -0.000000
-0.000000 0.070442 -0.000000 1.000000
BoneName: mixamorig:RightHandPinky3
BoneIndex: 23
ParentIndex: 22
BoneChildCount: 1
24
-0.000000 -1.000000 0.000000 0.000000
1.000000 -0.000000 0.000001 0.000000
-0.000001 0.000000 1.000000 -0.000000
-1.470222 -1.121651 -0.125062 1.000000
1.000000 0.000000 -0.000000 0.000000
0.000000 1.000000 -0.000000 0.000000
-0.000000 -0.000000 1.000000 -0.000000
-0.000000 0.070789 -0.000000 1.000000
BoneName: mixamorig:RightHandPinky4
BoneIndex: 24
ParentIndex: 23
BoneChildCount: 0
-0.000000 -1.000000 0.000000 0.000000
1.000000 -0.000000 0.000001 0.000000
-0.000001 0.000000 1.000000 -0.000000
-1.470222 -1.192580 -0.125062 1.000000
1.000000 0.000000 -0.000000 0.000000
0.000000 1.000000 -0.000000 0.000000
-0.000000 -0.000000 1.000000 -0.000000
-0.000000 0.070930 -0.000000 1.000000
BoneName: mixamorig:RightHandThumb1
BoneIndex: 25
ParentIndex: 16
BoneChildCount: 1
26
0.688556 -0.630444 -0.358372 0.000000
0.094550 -0.411916 0.906303 0.000000
-0.718993 -0.657925 -0.224018 -0.000000
0.410108 0.041741 -1.602243 1.000000
0.718993 -0.688555 0.094559 0.000000
0.657925 0.630439 -0.411924 0.000000
0.224018 0.358384 0.906299 -0.000000
0.061635 0.024923 -0.044464 1.000000
BoneName: mixamorig:RightHandThumb2
BoneIndex: 26
ParentIndex: 25
BoneChildCount: 1
27
0.525999 -0.798325 -0.293262 0.000000
-0.007397 -0.349099 0.937057 0.000000
-0.850453 -0.490722 -0.189531 -0.000000
0.391980 -0.282970 -1.582915 1.000000
0.972950 0.230968 -0.004690 0.000000
-0.229873 0.969957 0.079638 0.000000
0.022943 -0.076406 0.996813 -0.000000
0.000000 0.104730 -0.000000 1.000000
BoneName: mixamorig:RightHandThumb3
BoneIndex: 27
ParentIndex: 26
BoneChildCount: 1
28
0.411263 -0.888525 -0.203438 0.000000
-0.070250 -0.253418 0.964803 0.000000
-0.908806 -0.382496 -0.166641 -0.000000
0.358106 -0.568898 -1.530613 1.000000
0.989740 0.142174 -0.014190 0.000000
-0.140194 0.985498 0.095598 0.000000
0.027576 -0.092628 0.995319 -0.000000
0.000000 0.084988 -0.000000 1.000000
BoneName: mixamorig:RightHandThumb4
BoneIndex: 28
ParentIndex: 27
BoneChildCount: 0
0.411263 -0.888525 -0.203438 0.000000
-0.070250 -0.253418 0.964803 0.000000
-0.908806 -0.382496 -0.166641 -0.000000
0.358106 -0.649150 -1.530613 1.000000
1.000000 0.000000 -0.000000 0.000000
0.000000 1.000000 -0.000000 0.000000
-0.000000 -0.000000 1.000000 -0.000000
0.000000 0.080253 -0.000000 1.000000
BoneName: mixamorig:LeftUpLeg
BoneIndex: 29
ParentIndex: 2
BoneChildCount: 1
30
-1.000000 0.000001 0.000000 0.000000
-0.000001 -0.999151 -0.041209 0.000000
0.000000 -0.041209 0.999151 -0.000000
0.136560 0.851541 0.081983 1.000000
-1.000000 0.000001 -0.000000 0.000000
-0.000001 -0.999151 -0.041209 0.000000
-0.000000 -0.041209 0.999151 -0.000000
0.136560 -0.071353 -0.001297 1.000000
BoneName: mixamorig:LeftLeg
BoneIndex: 30
ParentIndex: 29
BoneChildCount: 1
31
-1.000000 0.000000 0.000000 0.000000
0.000000 -0.997037 0.076919 0.000000
0.000000 0.076919 0.997037 -0.000000
0.136560 0.498279 0.023378 1.000000
1.000000 -0.000001 -0.000000 0.000000
0.000001 0.993021 0.117941 0.000000
-0.000000 -0.117941 0.993021 -0.000000
0.000000 0.359497 0.000000 1.000000
BoneName: mixamorig:LeftFoot
BoneIndex: 31
ParentIndex: 30
BoneChildCount: 1
32
-1.000000 0.000000 0.000002 0.000000
-0.000001 -0.713683 -0.700469 0.000000
0.000001 -0.700469 0.713683 -0.000000
0.136560 0.083796 0.131522 1.000000
1.000000 0.000001 0.000001 0.000000
-0.000000 0.657688 -0.753290 0.000000
-0.000001 0.753290 0.657688 -0.000000
-0.000000 0.344093 0.000000 1.000000
BoneName: mixamorig:LeftToeBase
BoneIndex: 32
ParentIndex: 31
BoneChildCount: 1
33
-1.000000 0.000000 0.000002 0.000000
-0.000002 0.000000 -1.000000 0.000000
-0.000000 -1.000000 -0.000000 -0.000000
0.136560 -0.184285 0.000002 1.000000
1.000000 0.000001 -0.000000 0.000000
-0.000001 0.700469 -0.713683 0.000000
-0.000001 0.713683 0.700469 -0.000000
0.000000 0.212880 0.000000 1.000000
BoneName: mixamorig:LeftToe_End
BoneIndex: 33
ParentIndex: 32
BoneChildCount: 0
-1.000000 0.000000 0.000002 0.000000
-0.000002 0.000000 -1.000000 0.000000
-0.000000 -1.000000 -0.000000 -0.000000
0.136560 -0.353123 0.000002 1.000000
1.000000 0.000000 -0.000000 0.000000
0.000000 1.000000 -0.000000 0.000000
-0.000000 -0.000000 1.000000 -0.000000
-0.000000 0.168838 -0.000000 1.000000
BoneName: mixamorig:RightUpLeg
BoneIndex: 34
ParentIndex: 2
BoneChildCount: 1
35
-1.000000 -0.000001 0.000000 0.000000
0.000001 -0.999151 -0.041209 0.000000
0.000000 -0.041209 0.999151 -0.000000
-0.136560 0.851541 0.081983 1.000000
-1.000000 0.000003 -0.000000 0.000000
-0.000003 -0.999151 -0.041209 0.000000
-0.000000 -0.041209 0.999151 -0.000000
-0.136560 -0.071352 -0.001297 1.000000
BoneName: mixamorig:RightLeg
BoneIndex: 35
ParentIndex: 34
BoneChildCount: 1
36
-1.000000 0.000000 0.000000 0.000000
-0.000000 -0.997037 0.076919 0.000000
0.000000 0.076919 0.997037 -0.000000
-0.136560 0.498279 0.023378 1.000000
1.000000 0.000001 0.000000 0.000000
-0.000001 0.993021 0.117941 0.000000
0.000000 -0.117941 0.993021 -0.000000
0.000000 0.359497 0.000000 1.000000
BoneName: mixamorig:RightFoot
BoneIndex: 36
ParentIndex: 35
BoneChildCount: 1
37
-1.000000 0.000000 0.000002 0.000000
-0.000001 -0.713683 -0.700469 0.000000
0.000001 -0.700469 0.713683 -0.000000
-0.136560 0.083796 0.131523 1.000000
1.000000 0.000001 0.000001 0.000000
-0.000000 0.657688 -0.753290 0.000000
-0.000001 0.753290 0.657688 -0.000000
-0.000000 0.344093 0.000000 1.000000
BoneName: mixamorig:RightToeBase
BoneIndex: 37
ParentIndex: 36
BoneChildCount: 1
38
-1.000000 -0.000000 0.000002 0.000000
-0.000002 -0.000000 -1.000000 0.000000
0.000000 -1.000000 0.000000 -0.000000
-0.136560 -0.184285 0.000002 1.000000
1.000000 0.000001 -0.000000 0.000000
-0.000001 0.700469 -0.713682 0.000000
-0.000001 0.713682 0.700469 -0.000000
0.000000 0.212880 -0.000000 1.000000
BoneName: mixamorig:RightToe_End
BoneIndex: 38
ParentIndex: 37
BoneChildCount: 0
-1.000000 -0.000000 0.000002 0.000000
-0.000002 -0.000000 -1.000000 0.000000
0.000000 -1.000000 0.000000 -0.000000
-0.136560 -0.353123 0.000002 1.000000
1.000000 0.000000 -0.000000 0.000000
0.000000 1.000000 -0.000000 0.000000
-0.000000 -0.000000 1.000000 -0.000000
-0.000000 0.168838 0.000000 1.000000
