BoneCount: 129
RootBone: 0
BoneName: RootNode
BoneIndex: 0
ParentIndex: -1
BoneChildCount: 2
1
128
1.000000 0.000000 0.000000 0.000000
0.000000 1.000000 0.000000 0.000000
0.000000 0.000000 1.000000 0.000000
0.000000 0.000000 0.000000 1.000000
1.000000 0.000000 -0.000000 0.000000
0.000000 1.000000 -0.000000 0.000000
-0.000000 -0.000000 1.000000 -0.000000
0.000000 0.000000 -0.000000 1.000000
BoneName: mixamorig:Hips
BoneIndex: 1
ParentIndex: 0
BoneChildCount: 5
2
82
96
112
120
1.000000 -0.000002 0.000000 0.000000
0.000002 1.000000 0.000000 0.000000
-0.000000 0.000000 1.000000 -0.000000
-0.000002 -1.167377 0.009031 1.000000
1.000000 0.000000 -0.000000 0.000000
0.000000 1.000000 -0.000000 0.000000
-0.000000 -0.000000 1.000000 -0.000000
0.000000 1.167377 -0.009031 1.000000
BoneName: mixamorig:Spine_$AssimpFbx$_Translation
BoneIndex: 2
ParentIndex: 1
BoneChildCount: 1
3
1.000000 0.000000 0.000000 0.000000
0.000000 1.000000 0.000000 0.000000
0.000000 0.000000 1.000000 0.000000
0.000000 0.000000 0.000000 1.000000
1.000000 0.000000 -0.000000 0.000000
0.000000 1.000000 -0.000000 0.000000
-0.000000 -0.000000 1.000000 -0.000000
0.000004 0.107175 0.009311 1.000000
BoneName: mixamorig:Spine_$AssimpFbx$_PreRotation
BoneIndex: 3
ParentIndex: 2
BoneChildCount: 1
4
1.000000 0.000000 0.000000 0.000000
0.000000 1.000000 0.000000 0.000000
0.000000 0.000000 1.000000 0.000000
0.000000 0.000000 0.000000 1.000000
1.000000 -0.000002 0.000000 0.000000
0.000002 0.999182 0.040450 0.000000
-0.000000 -0.040450 0.999182 -0.000000
0.000000 0.000000 -0.000000 1.000000
BoneName: mixamorig:Spine
BoneIndex: 4
ParentIndex: 3
BoneChildCount: 1
5
1.000000 -0.000000 0.000000 0.000000
0.000000 0.999182 -0.040450 0.000000
0.000000 0.040450 0.999182 -0.000000
-0.000004 -1.273520 0.051276 1.000000
1.000000 0.000000 -0.000000 0.000000
0.000000 1.000000 -0.000000 0.000000
-0.000000 -0.000000 1.000000 -0.000000
0.000000 0.000000 -0.000000 1.000000
BoneName: mixamorig:Spine1_$AssimpFbx$_Translation
BoneIndex: 5
ParentIndex: 4
BoneChildCount: 1
6
1.000000 0.000000 0.000000 0.000000
0.000000 1.000000 0.000000 0.000000
0.000000 0.000000 1.000000 0.000000
0.000000 0.000000 0.000000 1.000000
1.000000 0.000000 -0.000000 0.000000
0.000000 1.000000 -0.000000 0.000000
-0.000000 -0.000000 1.000000 -0.000000
-0.000000 0.105940 0.000000 1.000000
BoneName: mixamorig:Spine1_$AssimpFbx$_PreRotation
BoneIndex: 6
ParentIndex: 5
BoneChildCount: 1
7
1.000000 0.000000 0.000000 0.000000
0.000000 1.000000 0.000000 0.000000
0.000000 0.000000 1.000000 0.000000
0.000000 0.000000 0.000000 1.000000
1.000000 0.000000 -0.000000 0.000000
0.000000 0.999452 0.033109 0.000000
-0.000000 -0.033109 0.999452 -0.000000
0.000000 0.000000 -0.000000 1.000000
BoneName: mixamorig:Spine1
BoneIndex: 7
ParentIndex: 6
BoneChildCount: 1
8
1.000000 -0.000000 0.000000 0.000000
0.000000 0.997294 -0.073510 0.000000
-0.000000 0.073510 0.997294 -0.000000
-0.000004 -1.377006 0.096920 1.000000
1.000000 0.000000 -0.000000 0.000000
0.000000 1.000000 -0.000000 0.000000
-0.000000 -0.000000 1.000000 -0.000000
0.000000 0.000000 -0.000000 1.000000
BoneName: mixamorig:Spine2_$AssimpFbx$_Translation
BoneIndex: 8
ParentIndex: 7
BoneChildCount: 1
9
1.000000 0.000000 0.000000 0.000000
0.000000 1.000000 0.000000 0.000000
0.000000 0.000000 1.000000 0.000000
0.000000 0.000000 0.000000 1.000000
1.000000 0.000000 -0.000000 0.000000
0.000000 1.000000 -0.000000 0.000000
-0.000000 -0.000000 1.000000 -0.000000
-0.000000 0.106281 -0.000000 1.000000
BoneName: mixamorig:Spine2_$AssimpFbx$_PreRotation
BoneIndex: 9
ParentIndex: 8
BoneChildCount: 1
10
1.000000 0.000000 0.000000 0.000000
0.000000 1.000000 0.000000 0.000000
0.000000 0.000000 1.000000 0.000000
0.000000 0.000000 0.000000 1.000000
1.000000 0.000000 -0.000000 0.000000
0.000000 0.997294 -0.073510 0.000000
-0.000000 0.073510 0.997294 -0.000000
0.000000 0.000000 -0.000000 1.000000
BoneName: mixamorig:Spine2
BoneIndex: 10
ParentIndex: 9
BoneChildCount: 3
11
14
44
1.000000 -0.000000 0.000000 0.000000
0.000000 1.000000 -0.000000 0.000000
-0.000000 0.000000 1.000000 -0.000000
-0.000004 -1.486399 -0.012378 1.000000
1.000000 0.000000 -0.000000 0.000000
0.000000 1.000000 -0.000000 0.000000
-0.000000 -0.000000 1.000000 -0.000000
0.000000 0.000000 -0.000000 1.000000
BoneName: mixamorig:Neck
BoneIndex: 11
ParentIndex: 10
BoneChildCount: 1
12
1.000000 -0.000000 0.000000 0.000000
0.000000 1.000000 -0.000000 0.000000
-0.000000 0.000000 1.000000 -0.000000
-0.000004 -1.748802 -0.057259 1.000000
1.000000 0.000000 -0.000000 0.000000
0.000000 1.000000 -0.000000 0.000000
-0.000000 -0.000000 1.000000 -0.000000
-0.000000 0.262403 0.044881 1.000000
BoneName: mixamorig:Head
BoneIndex: 12
ParentIndex: 11
BoneChildCount: 1
13
1.000000 -0.000000 0.000000 0.000000
0.000000 1.000000 -0.000000 0.000000
-0.000000 0.000000 1.000000 -0.000000
-0.000004 -1.923470 -0.001003 1.000000
1.000000 0.000000 -0.000000 0.000000
0.000000 1.000000 -0.000000 0.000000
-0.000000 -0.000000 1.000000 -0.000000
-0.000000 0.174669 -0.056256 1.000000
BoneName: mixamorig:HeadTop_End
BoneIndex: 13
ParentIndex: 12
BoneChildCount: 0
1.000000 -0.000000 0.000000 0.000000
0.000000 1.000000 -0.000000 0.000000
-0.000000 0.000000 1.000000 -0.000000
-0.000004 -2.031038 0.020067 1.000000
1.000000 0.000000 -0.000000 0.000000
0.000000 1.000000 -0.000000 0.000000
-0.000000 -0.000000 1.000000 -0.000000
-0.000000 0.107568 -0.021070 1.000000
BoneName: mixamorig:LeftShoulder_$AssimpFbx$_Translation
BoneIndex: 14
ParentIndex: 10
BoneChildCount: 1
15
1.000000 0.000000 0.000000 0.000000
0.000000 1.000000 0.000000 0.000000
0.000000 0.000000 1.000000 0.000000
0.000000 0.000000 0.000000 1.000000
1.000000 0.000000 -0.000000 0.000000
0.000000 1.000000 -0.000000 0.000000
-0.000000 -0.000000 1.000000 -0.000000
0.105744 0.230092 0.073230 1.000000
BoneName: mixamorig:LeftShoulder_$AssimpFbx$_PreRotation
BoneIndex: 15
ParentIndex: 14
BoneChildCount: 1
16
1.000000 0.000000 0.000000 0.000000
0.000000 1.000000 0.000000 0.000000
0.000000 0.000000 1.000000 0.000000
0.000000 0.000000 0.000000 1.000000
-0.184376 0.057667 0.981163 0.000000
0.936428 -0.292886 0.193184 0.000000
0.298509 0.954407 -0.000000 -0.000000
0.000000 0.000000 -0.000000 1.000000
BoneName: mixamorig:LeftShoulder
BoneIndex: 16
ParentIndex: 15
BoneChildCount: 1
17
-0.184376 0.936428 0.298509 0.000000
0.057667 -0.292886 0.954407 0.000000
0.981163 0.193183 -0.000000 -0.000000
-0.163483 0.387173 -1.669797 1.000000
1.000000 0.000000 -0.000000 0.000000
0.000000 1.000000 -0.000000 0.000000
-0.000000 -0.000000 1.000000 -0.000000
0.000000 0.000000 -0.000000 1.000000
BoneName: mixamorig:LeftArm_$AssimpFbx$_Translation
BoneIndex: 17
ParentIndex: 16
BoneChildCount: 1
18
1.000000 0.000000 0.000000 0.000000
0.000000 1.000000 0.000000 0.000000
0.000000 0.000000 1.000000 0.000000
0.000000 0.000000 0.000000 1.000000
1.000000 0.000000 -0.000000 0.000000
0.000000 1.000000 -0.000000 0.000000
-0.000000 -0.000000 1.000000 -0.000000
-0.000000 0.158882 -0.000000 1.000000
BoneName: mixamorig:LeftArm_$AssimpFbx$_PreRotation
BoneIndex: 18
ParentIndex: 17
BoneChildCount: 1
19
1.000000 0.000000 0.000000 0.000000
0.000000 1.000000 0.000000 0.000000
0.000000 0.000000 1.000000 0.000000
0.000000 0.000000 0.000000 1.000000
0.981163 0.193183 -0.000000 0.000000
-0.184376 0.936428 0.298509 0.000000
0.057667 -0.292886 0.954407 -0.000000
0.000000 0.000000 -0.000000 1.000000
BoneName: mixamorig:LeftArm
BoneIndex: 19
ParentIndex: 18
BoneChildCount: 1
20
0.000000 1.000000 -0.000000 0.000000
-0.000000 0.000000 1.000000 0.000000
1.000000 -0.000000 0.000000 -0.000000
-0.116301 -0.254529 -1.669956 1.000000
1.000000 0.000000 -0.000000 0.000000
0.000000 1.000000 -0.000000 0.000000
-0.000000 -0.000000 1.000000 -0.000000
0.000000 0.000000 -0.000000 1.000000
BoneName: mixamorig:LeftForeArm
BoneIndex: 20
ParentIndex: 19
BoneChildCount: 1
21
0.017452 0.999848 -0.000000 0.000000
-0.000000 0.000000 1.000000 0.000000
0.999848 -0.017452 0.000000 -0.000000
-0.124933 -0.493515 -1.669956 1.000000
0.999848 0.017451 -0.000000 0.000000
-0.017451 0.999848 -0.000000 0.000000
-0.000000 -0.000000 1.000000 -0.000000
-0.000000 0.241090 -0.000000 1.000000
BoneName: mixamorig:LeftHand
BoneIndex: 21
ParentIndex: 20
BoneChildCount: 5
22
28
32
36
40
0.017451 0.999848 -0.000000 0.000000
-0.000000 0.000000 1.000000 0.000000
0.999848 -0.017451 0.000000 -0.000000
-0.124933 -0.810307 -1.669956 1.000000
1.000000 0.000000 -0.000000 0.000000
0.000000 1.000000 -0.000000 0.000000
-0.000000 -0.000000 1.000000 -0.000000
0.000000 0.316792 0.000000 1.000000
BoneName: mixamorig:LeftHandThumb1_$AssimpFbx$_Translation
BoneIndex: 22
ParentIndex: 21
BoneChildCount: 1
23
1.000000 0.000000 0.000000 0.000000
0.000000 1.000000 0.000000 0.000000
0.000000 0.000000 1.000000 0.000000
0.000000 0.000000 0.000000 1.000000
1.000000 0.000000 -0.000000 0.000000
0.000000 1.000000 -0.000000 0.000000
-0.000000 -0.000000 1.000000 -0.000000
-0.038405 0.062786 -0.105692 1.000000
BoneName: mixamorig:LeftHandThumb1_$AssimpFbx$_PreRotation
BoneIndex: 23
ParentIndex: 22
BoneChildCount: 1
24
1.000000 0.000000 0.000000 0.000000
0.000000 1.000000 0.000000 0.000000
0.000000 0.000000 1.000000 0.000000
0.000000 0.000000 0.000000 1.000000
0.859342 0.510896 0.022715 0.000000
-0.448410 0.774107 -0.446864 0.000000
-0.245885 0.373824 0.894314 -0.000000
0.000000 0.000000 -0.000000 1.000000
BoneName: mixamorig:LeftHandThumb1
BoneIndex: 24
ParentIndex: 23
BoneChildCount: 1
25
0.525815 0.766164 0.369476 0.000000
0.022715 -0.446864 0.894314 0.000000
0.850296 -0.461851 -0.252371 -0.000000
-0.555948 0.061946 -1.704049 1.000000
1.000000 0.000000 -0.000000 0.000000
0.000000 1.000000 -0.000000 0.000000
-0.000000 -0.000000 1.000000 -0.000000
0.000000 0.000000 -0.000000 1.000000
BoneName: mixamorig:LeftHandThumb2
BoneIndex: 25
ParentIndex: 24
BoneChildCount: 1
26
0.525815 0.766164 0.369475 0.000000
0.022715 -0.446864 0.894314 0.000000
0.850296 -0.461851 -0.252371 -0.000000
-0.555948 -0.011678 -1.704049 1.000000
1.000000 0.000000 -0.000000 0.000000
0.000000 1.000000 -0.000000 0.000000
-0.000000 -0.000000 1.000000 -0.000000
0.000000 0.073624 0.000000 1.000000
BoneName: mixamorig:LeftHandThumb3
BoneIndex: 26
ParentIndex: 25
BoneChildCount: 1
27
0.525815 0.766164 0.369475 0.000000
0.022715 -0.446864 0.894314 0.000000
0.850296 -0.461851 -0.252371 -0.000000
-0.555948 -0.092992 -1.704049 1.000000
1.000000 0.000000 -0.000000 0.000000
0.000000 1.000000 -0.000000 0.000000
-0.000000 -0.000000 1.000000 -0.000000
0.000000 0.081314 0.000000 1.000000
BoneName: mixamorig:LeftHandThumb4
BoneIndex: 27
ParentIndex: 26
BoneChildCount: 0
0.525815 0.766164 0.369475 0.000000
0.022715 -0.446864 0.894314 0.000000
0.850296 -0.461851 -0.252371 -0.000000
-0.555948 -0.201140 -1.704049 1.000000
1.000000 0.000000 -0.000000 0.000000
0.000000 1.000000 -0.000000 0.000000
-0.000000 -0.000000 1.000000 -0.000000
0.000000 0.108148 0.000000 1.000000
BoneName: mixamorig:LeftHandIndex1
BoneIndex: 28
ParentIndex: 21
BoneChildCount: 1
29
0.017452 0.999848 -0.000000 0.000000
-0.000000 0.000000 1.000000 0.000000
0.999848 -0.017452 0.000000 -0.000000
-0.063308 -1.010001 -1.626747 1.000000
1.000000 0.000000 -0.000000 0.000000
0.000000 1.000000 -0.000000 0.000000
-0.000000 -0.000000 1.000000 -0.000000
-0.061626 0.199694 -0.043209 1.000000
BoneName: mixamorig:LeftHandIndex2
BoneIndex: 29
ParentIndex: 28
BoneChildCount: 1
30
0.017451 0.999848 -0.000000 0.000000
-0.000000 0.000000 1.000000 0.000000
0.999848 -0.017451 0.000000 -0.000000
-0.063307 -1.125083 -1.626747 1.000000
1.000000 0.000000 -0.000000 0.000000
0.000000 1.000000 -0.000000 0.000000
-0.000000 -0.000000 1.000000 -0.000000
-0.000000 0.115082 -0.000000 1.000000
BoneName: mixamorig:LeftHandIndex3
BoneIndex: 30
ParentIndex: 29
BoneChildCount: 1
31
0.017452 0.999848 -0.000001 0.000000
-0.000000 0.000001 1.000000 0.000000
0.999848 -0.017452 0.000000 -0.000000
-0.063308 -1.238178 -1.626746 1.000000
1.000000 0.000000 -0.000000 0.000000
0.000000 1.000000 -0.000000 0.000000
-0.000000 -0.000000 1.000000 -0.000000
0.000000 0.113094 0.000000 1.000000
BoneName: mixamorig:LeftHandIndex4
BoneIndex: 31
ParentIndex: 30
BoneChildCount: 0
0.017452 0.999848 -0.000001 0.000000
-0.000000 0.000001 1.000000 0.000000
0.999848 -0.017452 0.000000 -0.000000
-0.063308 -1.474658 -1.626746 1.000000
1.000000 0.000000 -0.000000 0.000000
0.000000 1.000000 -0.000000 0.000000
-0.000000 -0.000000 1.000000 -0.000000
-0.000000 0.236479 0.000000 1.000000
BoneName: mixamorig:LeftHandMiddle1
BoneIndex: 32
ParentIndex: 21
BoneChildCount: 1
33
0.017453 0.999848 -0.000000 0.000000
-0.000000 0.000000 1.000000 0.000000
0.999848 -0.017453 0.000000 -0.000000
-0.125524 -1.028331 -1.670007 1.000000
1.000000 0.000000 -0.000000 0.000000
0.000000 1.000000 -0.000000 0.000000
-0.000000 -0.000000 1.000000 -0.000000
0.000589 0.218025 0.000051 1.000000
BoneName: mixamorig:LeftHandMiddle2
BoneIndex: 33
ParentIndex: 32
BoneChildCount: 1
34
0.017454 0.999848 -0.000002 0.000000
-0.000000 0.000002 1.000000 0.000000
0.999848 -0.017454 0.000000 -0.000000
-0.125526 -1.154610 -1.670005 1.000000
1.000000 0.000000 -0.000000 0.000000
0.000000 1.000000 -0.000000 0.000000
-0.000000 -0.000000 1.000000 -0.000000
0.000000 0.126275 -0.000000 1.000000
BoneName: mixamorig:LeftHandMiddle3
BoneIndex: 34
ParentIndex: 33
BoneChildCount: 1
35
0.017453 0.999848 0.000002 0.000000
-0.000000 -0.000002 1.000000 0.000000
0.999848 -0.017453 -0.000000 -0.000000
-0.125524 -1.299585 -1.670010 1.000000
1.000000 0.000000 -0.000000 0.000000
0.000000 1.000000 -0.000000 0.000000
-0.000000 -0.000000 1.000000 -0.000000
-0.000000 0.144981 -0.000000 1.000000
BoneName: mixamorig:LeftHandMiddle4
BoneIndex: 35
ParentIndex: 34
BoneChildCount: 0
0.017453 0.999848 0.000002 0.000000
-0.000000 -0.000002 1.000000 0.000000
0.999848 -0.017453 -0.000000 -0.000000
-0.125524 -1.505098 -1.670010 1.000000
1.000000 0.000000 -0.000000 0.000000
0.000000 1.000000 -0.000000 0.000000
-0.000000 -0.000000 1.000000 -0.000000
0.000000 0.205514 -0.000000 1.000000
BoneName: mixamorig:LeftHandRing1
BoneIndex: 36
ParentIndex: 21
BoneChildCount: 1
37
0.017452 0.999848 -0.000001 0.000000
-0.000000 0.000001 1.000000 0.000000
0.999848 -0.017452 0.000000 -0.000000
-0.186647 -0.996156 -1.653051 1.000000
1.000000 0.000000 -0.000000 0.000000
0.000000 1.000000 -0.000000 0.000000
-0.000000 -0.000000 1.000000 -0.000000
0.061713 0.185848 -0.016905 1.000000
BoneName: mixamorig:LeftHandRing2
BoneIndex: 37
ParentIndex: 36
BoneChildCount: 1
38
0.017452 0.999848 -0.000001 0.000000
-0.000000 0.000001 1.000000 0.000000
0.999848 -0.017452 0.000000 -0.000000
-0.186647 -1.133006 -1.653051 1.000000
1.000000 0.000000 -0.000000 0.000000
0.000000 1.000000 -0.000000 0.000000
-0.000000 -0.000000 1.000000 -0.000000
-0.000000 0.136849 0.000000 1.000000
BoneName: mixamorig:LeftHandRing3
BoneIndex: 38
ParentIndex: 37
BoneChildCount: 1
39
0.017453 0.999848 -0.000002 0.000000
-0.000000 0.000002 1.000000 0.000000
0.999848 -0.017453 0.000000 -0.000000
-0.186648 -1.234533 -1.653050 1.000000
1.000000 0.000000 -0.000000 0.000000
0.000000 1.000000 -0.000000 0.000000
-0.000000 -0.000000 1.000000 -0.000000
0.000000 0.101526 -0.000000 1.000000
BoneName: mixamorig:LeftHandRing4
BoneIndex: 39
ParentIndex: 38
BoneChildCount: 0
0.017453 0.999848 -0.000002 0.000000
-0.000000 0.000002 1.000000 0.000000
0.999848 -0.017453 0.000000 -0.000000
-0.186648 -1.397015 -1.653050 1.000000
1.000000 0.000000 -0.000000 0.000000
0.000000 1.000000 -0.000000 0.000000
-0.000000 -0.000000 1.000000 -0.000000
-0.000000 0.162482 -0.000000 1.000000
BoneName: mixamorig:LeftHandPinky1
BoneIndex: 40
ParentIndex: 21
BoneChildCount: 1
41
0.017452 0.999848 -0.000001 0.000000
-0.000000 0.000001 1.000000 0.000000
0.999848 -0.017452 0.000000 -0.000000
-0.244229 -0.958913 -1.640226 1.000000
1.000000 0.000000 -0.000000 0.000000
0.000000 1.000000 -0.000000 0.000000
-0.000000 -0.000000 1.000000 -0.000000
0.119296 0.148605 -0.029729 1.000000
BoneName: mixamorig:LeftHandPinky2
BoneIndex: 41
ParentIndex: 40
BoneChildCount: 1
42
0.017453 0.999848 -0.000005 0.000000
-0.000000 0.000005 1.000000 0.000000
0.999848 -0.017453 0.000000 -0.000000
-0.244230 -1.104908 -1.640222 1.000000
1.000000 0.000000 -0.000000 0.000000
0.000000 1.000000 -0.000000 0.000000
-0.000000 -0.000000 1.000000 -0.000000
0.000000 0.145990 0.000000 1.000000
BoneName: mixamorig:LeftHandPinky3
BoneIndex: 42
ParentIndex: 41
BoneChildCount: 1
43
0.017453 0.999848 -0.000002 0.000000
-0.000000 0.000002 1.000000 0.000000
0.999848 -0.017453 0.000000 -0.000000
-0.244231 -1.167840 -1.640225 1.000000
1.000000 0.000000 -0.000000 0.000000
0.000000 1.000000 -0.000000 0.000000
-0.000000 -0.000000 1.000000 -0.000000
-0.000000 0.062936 -0.000000 1.000000
BoneName: mixamorig:LeftHandPinky4
BoneIndex: 43
ParentIndex: 42
BoneChildCount: 0
0.017453 0.999848 -0.000002 0.000000
-0.000000 0.000002 1.000000 0.000000
0.999848 -0.017453 0.000000 -0.000000
-0.244231 -1.356644 -1.640225 1.000000
1.000000 0.000000 -0.000000 0.000000
0.000000 1.000000 -0.000000 0.000000
-0.000000 -0.000000 1.000000 -0.000000
0.000000 0.188804 0.000000 1.000000
BoneName: mixamorig:RightShoulder_$AssimpFbx$_Translation
BoneIndex: 44
ParentIndex: 10
BoneChildCount: 1
45
1.000000 0.000000 0.000000 0.000000
0.000000 1.000000 0.000000 0.000000
0.000000 0.000000 1.000000 0.000000
0.000000 0.000000 0.000000 1.000000
1.000000 0.000000 -0.000000 0.000000
0.000000 1.000000 -0.000000 0.000000
-0.000000 -0.000000 1.000000 -0.000000
-0.105744 0.230091 0.073230 1.000000
BoneName: mixamorig:RightShoulder_$AssimpFbx$_PreRotation
BoneIndex: 45
ParentIndex: 44
BoneChildCount: 1
46
1.000000 0.000000 0.000000 0.000000
0.000000 1.000000 0.000000 0.000000
0.000000 0.000000 1.000000 0.000000
0.000000 0.000000 0.000000 1.000000
-0.184376 -0.057662 -0.981163 0.000000
-0.936436 -0.292862 0.193183 0.000000
-0.298485 0.954414 -0.000000 -0.000000
0.000000 0.000000 -0.000000 1.000000
BoneName: mixamorig:RightShoulder
BoneIndex: 46
ParentIndex: 45
BoneChildCount: 1
47
-0.184376 -0.936436 -0.298485 0.000000
-0.057662 -0.292862 0.954414 0.000000
-0.981163 0.193183 -0.000000 -0.000000
0.163476 0.387139 -1.669804 1.000000
1.000000 0.000000 -0.000000 0.000000
0.000000 1.000000 -0.000000 0.000000
-0.000000 -0.000000 1.000000 -0.000000
0.000000 0.000000 -0.000000 1.000000
BoneName: mixamorig:RightArm_$AssimpFbx$_Translation
BoneIndex: 47
ParentIndex: 46
BoneChildCount: 1
48
1.000000 0.000000 0.000000 0.000000
0.000000 1.000000 0.000000 0.000000
0.000000 0.000000 1.000000 0.000000
0.000000 0.000000 0.000000 1.000000
1.000000 0.000000 -0.000000 0.000000
0.000000 1.000000 -0.000000 0.000000
-0.000000 -0.000000 1.000000 -0.000000
-0.000000 0.158880 -0.000000 1.000000
BoneName: mixamorig:RightArm_$AssimpFbx$_PreRotation
BoneIndex: 48
ParentIndex: 47
BoneChildCount: 1
49
1.000000 0.000000 0.000000 0.000000
0.000000 1.000000 0.000000 0.000000
0.000000 0.000000 1.000000 0.000000
0.000000 0.000000 0.000000 1.000000
0.981163 -0.193183 -0.000000 0.000000
0.184376 0.936436 0.298485 0.000000
-0.057662 -0.292862 0.954414 -0.000000
0.000000 0.000000 -0.000000 1.000000
BoneName: mixamorig:RightArm
BoneIndex: 49
ParentIndex: 48
BoneChildCount: 1
50
0.000000 -1.000000 0.000000 0.000000
-0.000000 0.000000 1.000000 0.000000
-1.000000 -0.000000 0.000000 -0.000000
0.116301 -0.254521 -1.669960 1.000000
1.000000 0.000000 -0.000000 0.000000
0.000000 1.000000 -0.000000 0.000000
-0.000000 -0.000000 1.000000 -0.000000
0.000000 0.000000 -0.000000 1.000000
BoneName: mixamorig:RightForeArm
BoneIndex: 50
ParentIndex: 49
BoneChildCount: 1
51
0.017449 -0.999848 -0.000000 0.000000
0.000000 0.000000 1.000000 0.000000
-0.999848 -0.017449 0.000000 -0.000000
0.124931 -0.493506 -1.669960 1.000000
0.999848 -0.017446 -0.000000 0.000000
0.017446 0.999848 -0.000000 0.000000
-0.000000 -0.000000 1.000000 -0.000000
-0.000000 0.241090 0.000000 1.000000
BoneName: mixamorig:RightHand
BoneIndex: 51
ParentIndex: 50
BoneChildCount: 5
52
62
66
74
78
0.017446 -0.999848 -0.000000 0.000000
0.000000 0.000000 1.000000 0.000000
-0.999848 -0.017446 0.000000 -0.000000
0.124931 -0.810300 -1.669960 1.000000
1.000000 0.000000 -0.000000 0.000000
0.000000 1.000000 -0.000000 0.000000
-0.000000 -0.000000 1.000000 -0.000000
-0.000002 0.316793 -0.000000 1.000000
BoneName: mixamorig:RightHandThumb1_$AssimpFbx$_Translation
BoneIndex: 52
ParentIndex: 51
BoneChildCount: 1
53
1.000000 0.000000 0.000000 0.000000
0.000000 1.000000 0.000000 0.000000
0.000000 0.000000 1.000000 0.000000
0.000000 0.000000 0.000000 1.000000
1.000000 0.000000 -0.000000 0.000000
0.000000 1.000000 -0.000000 0.000000
-0.000000 -0.000000 1.000000 -0.000000
0.038406 0.062786 -0.105700 1.000000
BoneName: mixamorig:RightHandThumb1_$AssimpFbx$_PreRotation
BoneIndex: 53
ParentIndex: 52
BoneChildCount: 1
54
1.000000 0.000000 0.000000 0.000000
0.000000 1.000000 0.000000 0.000000
0.000000 0.000000 1.000000 0.000000
0.000000 0.000000 0.000000 1.000000
0.860810 -0.508632 -0.017315 0.000000
0.448412 0.774105 -0.446864 0.000000
0.240693 0.376901 0.894434 -0.000000
0.000000 0.000000 -0.000000 1.000000
BoneName: mixamorig:RightHandThumb1
BoneIndex: 54
ParentIndex: 53
BoneChildCount: 1
55
0.523573 -0.766165 -0.372644 0.000000
-0.017315 -0.446864 0.894434 0.000000
-0.851805 -0.461849 -0.247232 -0.000000
0.545646 0.061950 -1.707368 1.000000
1.000000 0.000000 -0.000000 0.000000
0.000000 1.000000 -0.000000 0.000000
-0.000000 -0.000000 1.000000 -0.000000
0.000000 0.000000 -0.000000 1.000000
BoneName: mixamorig:RightHandThumb2_$AssimpFbx$_Translation
BoneIndex: 55
ParentIndex: 54
BoneChildCount: 1
56
1.000000 0.000000 0.000000 0.000000
0.000000 1.000000 0.000000 0.000000
0.000000 0.000000 1.000000 0.000000
0.000000 0.000000 0.000000 1.000000
1.000000 0.000000 -0.000000 0.000000
0.000000 1.000000 -0.000000 0.000000
-0.000000 -0.000000 1.000000 -0.000000
-0.000000 0.073624 0.000000 1.000000
BoneName: mixamorig:RightHandThumb2_$AssimpFbx$_PreRotation
BoneIndex: 56
ParentIndex: 55
BoneChildCount: 1
57
1.000000 0.000000 0.000000 0.000000
0.000000 1.000000 0.000000 0.000000
0.000000 0.000000 1.000000 0.000000
0.000000 0.000000 0.000000 1.000000
1.000000 -0.000001 -0.000000 0.000000
0.000001 1.000000 0.000065 0.000000
-0.000000 -0.000065 1.000000 -0.000000
0.000000 0.000000 -0.000000 1.000000
BoneName: mixamorig:RightHandThumb2
BoneIndex: 57
ParentIndex: 56
BoneChildCount: 1
58
0.523573 -0.766188 -0.372594 0.000000
-0.017315 -0.446806 0.894463 0.000000
-0.851805 -0.461866 -0.247202 -0.000000
0.545646 -0.011785 -1.707368 1.000000
1.000000 0.000000 -0.000000 0.000000
0.000000 1.000000 -0.000000 0.000000
-0.000000 -0.000000 1.000000 -0.000000
0.000000 0.000000 -0.000000 1.000000
BoneName: mixamorig:RightHandThumb3_$AssimpFbx$_Translation
BoneIndex: 58
ParentIndex: 57
BoneChildCount: 1
59
1.000000 0.000000 0.000000 0.000000
0.000000 1.000000 0.000000 0.000000
0.000000 0.000000 1.000000 0.000000
0.000000 0.000000 0.000000 1.000000
1.000000 0.000000 -0.000000 0.000000
0.000000 1.000000 -0.000000 0.000000
-0.000000 -0.000000 1.000000 -0.000000
0.000000 0.081311 0.000000 1.000000
BoneName: mixamorig:RightHandThumb3_$AssimpFbx$_PreRotation
BoneIndex: 59
ParentIndex: 58
BoneChildCount: 1
60
1.000000 0.000000 0.000000 0.000000
0.000000 1.000000 0.000000 0.000000
0.000000 0.000000 1.000000 0.000000
0.000000 0.000000 0.000000 1.000000
1.000000 0.000017 0.000000 0.000000
-0.000017 1.000000 -0.000072 0.000000
-0.000000 0.000072 1.000000 -0.000000
0.000000 0.000000 -0.000000 1.000000
BoneName: mixamorig:RightHandThumb3
BoneIndex: 60
ParentIndex: 59
BoneChildCount: 1
61
0.523560 -0.766170 -0.372650 0.000000
-0.017322 -0.446870 0.894431 0.000000
-0.851813 -0.461833 -0.247235 -0.000000
0.545645 -0.092981 -1.707374 1.000000
1.000000 0.000000 -0.000000 0.000000
0.000000 1.000000 -0.000000 0.000000
-0.000000 -0.000000 1.000000 -0.000000
0.000000 0.000000 -0.000000 1.000000
BoneName: mixamorig:RightHandThumb4
BoneIndex: 61
ParentIndex: 60
BoneChildCount: 0
0.523560 -0.766170 -0.372650 0.000000
-0.017322 -0.446870 0.894431 0.000000
-0.851813 -0.461833 -0.247235 -0.000000
0.545645 -0.201134 -1.707374 1.000000
1.000000 0.000000 -0.000000 0.000000
0.000000 1.000000 -0.000000 0.000000
-0.000000 -0.000000 1.000000 -0.000000
0.000000 0.108152 0.000000 1.000000
BoneName: mixamorig:RightHandIndex1
BoneIndex: 62
ParentIndex: 51
BoneChildCount: 1
63
0.017449 -0.999848 -0.000000 0.000000
0.000000 0.000000 1.000000 0.000000
-0.999848 -0.017449 0.000000 -0.000000
0.063307 -1.009995 -1.626750 1.000000
1.000000 0.000000 -0.000000 0.000000
0.000000 1.000000 -0.000000 0.000000
-0.000000 -0.000000 1.000000 -0.000000
0.061627 0.199696 -0.043210 1.000000
BoneName: mixamorig:RightHandIndex2
BoneIndex: 63
ParentIndex: 62
BoneChildCount: 1
64
0.017448 -0.999848 -0.000000 0.000000
0.000000 0.000000 1.000000 0.000000
-0.999848 -0.017448 0.000000 -0.000000
0.063306 -1.125075 -1.626750 1.000000
1.000000 0.000000 -0.000000 0.000000
0.000000 1.000000 -0.000000 0.000000
-0.000000 -0.000000 1.000000 -0.000000
-0.000000 0.115080 -0.000000 1.000000
BoneName: mixamorig:RightHandIndex3
BoneIndex: 64
ParentIndex: 63
BoneChildCount: 1
65
0.017449 -0.999848 -0.000000 0.000000
0.000000 0.000000 1.000000 0.000000
-0.999848 -0.017449 0.000000 -0.000000
0.063308 -1.238165 -1.626750 1.000000
1.000000 0.000000 -0.000000 0.000000
0.000000 1.000000 -0.000000 0.000000
-0.000000 -0.000000 1.000000 -0.000000
0.000000 0.113090 -0.000000 1.000000
BoneName: mixamorig:RightHandIndex4
BoneIndex: 65
ParentIndex: 64
BoneChildCount: 0
0.017449 -0.999848 -0.000000 0.000000
0.000000 0.000000 1.000000 0.000000
-0.999848 -0.017449 0.000000 -0.000000
0.063308 -1.474645 -1.626750 1.000000
1.000000 0.000000 -0.000000 0.000000
0.000000 1.000000 -0.000000 0.000000
-0.000000 -0.000000 1.000000 -0.000000
-0.000000 0.236480 -0.000000 1.000000
BoneName: mixamorig:RightHandMiddle1
BoneIndex: 66
ParentIndex: 51
BoneChildCount: 1
67
0.017449 -0.999848 -0.000000 0.000000
0.000000 0.000000 1.000000 0.000000
-0.999848 -0.017449 0.000000 -0.000000
0.125522 -1.028325 -1.670010 1.000000
1.000000 0.000000 -0.000000 0.000000
0.000000 1.000000 -0.000000 0.000000
-0.000000 -0.000000 1.000000 -0.000000
-0.000588 0.218026 0.000050 1.000000
BoneName: mixamorig:RightHandMiddle2_$AssimpFbx$_Translation
BoneIndex: 67
ParentIndex: 66
BoneChildCount: 1
68
1.000000 0.000000 0.000000 0.000000
0.000000 1.000000 0.000000 0.000000
0.000000 0.000000 1.000000 0.000000
0.000000 0.000000 0.000000 1.000000
1.000000 0.000000 -0.000000 0.000000
0.000000 1.000000 -0.000000 0.000000
-0.000000 -0.000000 1.000000 -0.000000
-0.000000 0.126270 -0.000000 1.000000
BoneName: mixamorig:RightHandMiddle2_$AssimpFbx$_PreRotation
BoneIndex: 68
ParentIndex: 67
BoneChildCount: 1
69
1.000000 0.000000 0.000000 0.000000
0.000000 1.000000 0.000000 0.000000
0.000000 0.000000 1.000000 0.000000
0.000000 0.000000 0.000000 1.000000
1.000000 -0.000007 -0.000000 0.000000
0.000007 1.000000 -0.000000 0.000000
-0.000000 -0.000000 1.000000 -0.000000
0.000000 0.000000 -0.000000 1.000000
BoneName: mixamorig:RightHandMiddle2
BoneIndex: 69
ParentIndex: 68
BoneChildCount: 1
70
0.017456 -0.999848 -0.000000 0.000000
0.000000 0.000000 1.000000 0.000000
-0.999848 -0.017456 0.000000 -0.000000
0.125530 -1.154594 -1.670010 1.000000
1.000000 0.000000 -0.000000 0.000000
0.000000 1.000000 -0.000000 0.000000
-0.000000 -0.000000 1.000000 -0.000000
0.000000 0.000000 -0.000000 1.000000
BoneName: mixamorig:RightHandMiddle3_$AssimpFbx$_Translation
BoneIndex: 70
ParentIndex: 69
BoneChildCount: 1
71
1.000000 0.000000 0.000000 0.000000
0.000000 1.000000 0.000000 0.000000
0.000000 0.000000 1.000000 0.000000
0.000000 0.000000 0.000000 1.000000
1.000000 0.000000 -0.000000 0.000000
0.000000 1.000000 -0.000000 0.000000
-0.000000 -0.000000 1.000000 -0.000000
-0.000000 0.144980 -0.000000 1.000000
BoneName: mixamorig:RightHandMiddle3_$AssimpFbx$_PreRotation
BoneIndex: 71
ParentIndex: 70
BoneChildCount: 1
72
1.000000 0.000000 0.000000 0.000000
0.000000 1.000000 0.000000 0.000000
0.000000 0.000000 1.000000 0.000000
0.000000 0.000000 0.000000 1.000000
1.000000 0.000007 -0.000000 0.000000
-0.000007 1.000000 -0.000000 0.000000
-0.000000 -0.000000 1.000000 -0.000000
0.000000 0.000000 -0.000000 1.000000
BoneName: mixamorig:RightHandMiddle3
BoneIndex: 72
ParentIndex: 71
BoneChildCount: 1
73
0.017449 -0.999848 -0.000000 0.000000
0.000000 0.000000 1.000000 0.000000
-0.999848 -0.017449 0.000000 -0.000000
0.125521 -1.299575 -1.670010 1.000000
1.000000 0.000000 -0.000000 0.000000
0.000000 1.000000 -0.000000 0.000000
-0.000000 -0.000000 1.000000 -0.000000
0.000000 0.000000 -0.000000 1.000000
BoneName: mixamorig:RightHandMiddle4
BoneIndex: 73
ParentIndex: 72
BoneChildCount: 0
0.017449 -0.999848 -0.000000 0.000000
0.000000 0.000000 1.000000 0.000000
-0.999848 -0.017449 0.000000 -0.000000
0.125521 -1.505095 -1.670010 1.000000
1.000000 0.000000 -0.000000 0.000000
0.000000 1.000000 -0.000000 0.000000
-0.000000 -0.000000 1.000000 -0.000000
-0.000000 0.205520 -0.000000 1.000000
BoneName: mixamorig:RightHandRing1
BoneIndex: 74
ParentIndex: 51
BoneChildCount: 1
75
0.017449 -0.999848 -0.000000 0.000000
0.000000 0.000000 1.000000 0.000000
-0.999848 -0.017449 0.000000 -0.000000
0.186646 -0.996146 -1.653050 1.000000
1.000000 0.000000 -0.000000 0.000000
0.000000 1.000000 -0.000000 0.000000
-0.000000 -0.000000 1.000000 -0.000000
-0.061712 0.185847 -0.016910 1.000000
BoneName: mixamorig:RightHandRing2
BoneIndex: 75
ParentIndex: 74
BoneChildCount: 1
76
0.017449 -0.999848 -0.000000 0.000000
0.000000 0.000000 1.000000 0.000000
-0.999848 -0.017449 0.000000 -0.000000
0.186646 -1.132995 -1.653050 1.000000
1.000000 0.000000 -0.000000 0.000000
0.000000 1.000000 -0.000000 0.000000
-0.000000 -0.000000 1.000000 -0.000000
-0.000000 0.136849 -0.000000 1.000000
BoneName: mixamorig:RightHandRing3
BoneIndex: 76
ParentIndex: 75
BoneChildCount: 1
77
0.017449 -0.999848 -0.000000 0.000000
0.000000 0.000000 1.000000 0.000000
-0.999848 -0.017449 0.000000 -0.000000
0.186646 -1.234525 -1.653050 1.000000
1.000000 0.000000 -0.000000 0.000000
0.000000 1.000000 -0.000000 0.000000
-0.000000 -0.000000 1.000000 -0.000000
-0.000000 0.101530 -0.000000 1.000000
BoneName: mixamorig:RightHandRing4
BoneIndex: 77
ParentIndex: 76
BoneChildCount: 0
0.017449 -0.999848 -0.000000 0.000000
0.000000 0.000000 1.000000 0.000000
-0.999848 -0.017449 0.000000 -0.000000
0.186646 -1.397005 -1.653050 1.000000
1.000000 0.000000 -0.000000 0.000000
0.000000 1.000000 -0.000000 0.000000
-0.000000 -0.000000 1.000000 -0.000000
-0.000000 0.162480 -0.000000 1.000000
BoneName: mixamorig:RightHandPinky1
BoneIndex: 78
ParentIndex: 51
BoneChildCount: 1
79
0.017449 -0.999848 -0.000000 0.000000
0.000000 0.000000 1.000000 0.000000
-0.999848 -0.017449 0.000000 -0.000000
0.244228 -0.958903 -1.640230 1.000000
1.000000 0.000000 -0.000000 0.000000
0.000000 1.000000 -0.000000 0.000000
-0.000000 -0.000000 1.000000 -0.000000
-0.119295 0.148604 -0.029730 1.000000
BoneName: mixamorig:RightHandPinky2
BoneIndex: 79
ParentIndex: 78
BoneChildCount: 1
80
0.017449 -0.999848 -0.000000 0.000000
0.000000 0.000000 1.000000 0.000000
-0.999848 -0.017449 0.000000 -0.000000
0.244228 -1.104895 -1.640230 1.000000
1.000000 0.000000 -0.000000 0.000000
0.000000 1.000000 -0.000000 0.000000
-0.000000 -0.000000 1.000000 -0.000000
-0.000000 0.145992 -0.000000 1.000000
BoneName: mixamorig:RightHandPinky3
BoneIndex: 80
ParentIndex: 79
BoneChildCount: 1
81
0.017449 -0.999848 -0.000000 0.000000
0.000000 0.000000 1.000000 0.000000
-0.999848 -0.017449 0.000000 -0.000000
0.244228 -1.167825 -1.640230 1.000000
1.000000 0.000000 -0.000000 0.000000
0.000000 1.000000 -0.000000 0.000000
-0.000000 -0.000000 1.000000 -0.000000
-0.000000 0.062930 -0.000000 1.000000
BoneName: mixamorig:RightHandPinky4
BoneIndex: 81
ParentIndex: 80
BoneChildCount: 0
0.017449 -0.999848 -0.000000 0.000000
0.000000 0.000000 1.000000 0.000000
-0.999848 -0.017449 0.000000 -0.000000
0.244228 -1.356635 -1.640230 1.000000
1.000000 0.000000 -0.000000 0.000000
0.000000 1.000000 -0.000000 0.000000
-0.000000 -0.000000 1.000000 -0.000000
-0.000000 0.188810 -0.000000 1.000000
BoneName: mixamorig:LeftUpLeg_$AssimpFbx$_Translation
BoneIndex: 82
ParentIndex: 1
BoneChildCount: 1
83
1.000000 0.000000 0.000000 0.000000
0.000000 1.000000 0.000000 0.000000
0.000000 0.000000 1.000000 0.000000
0.000000 0.000000 0.000000 1.000000
1.000000 0.000000 -0.000000 0.000000
0.000000 1.000000 -0.000000 0.000000
-0.000000 -0.000000 1.000000 -0.000000
0.122975 -0.067421 0.010003 1.000000
BoneName: mixamorig:LeftUpLeg_$AssimpFbx$_PreRotation
BoneIndex: 83
ParentIndex: 82
BoneChildCount: 1
84
1.000000 0.000000 0.000000 0.000000
0.000000 1.000000 0.000000 0.000000
0.000000 0.000000 1.000000 0.000000
0.000000 0.000000 0.000000 1.000000
-1.000000 0.000002 -0.000000 0.000000
-0.000002 -0.999746 -0.022536 0.000000
-0.000000 -0.022536 0.999746 -0.000000
0.000000 0.000000 -0.000000 1.000000
BoneName: mixamorig:LeftUpLeg
BoneIndex: 84
ParentIndex: 83
BoneChildCount: 1
85
-1.000000 -0.000000 0.000000 0.000000
0.000000 -0.999746 -0.022541 0.000000
0.000000 -0.022541 0.999746 -0.000000
0.122975 1.099699 0.023823 1.000000
1.000000 0.000000 -0.000000 0.000000
0.000000 1.000000 -0.000000 0.000000
-0.000000 -0.000000 1.000000 -0.000000
0.000000 0.000000 -0.000000 1.000000
BoneName: mixamorig:LeftLeg_$AssimpFbx$_Translation
BoneIndex: 85
ParentIndex: 84
BoneChildCount: 1
86
1.000000 0.000000 0.000000 0.000000
0.000000 1.000000 0.000000 0.000000
0.000000 0.000000 1.000000 0.000000
0.000000 0.000000 0.000000 1.000000
1.000000 0.000000 -0.000000 0.000000
0.000000 1.000000 -0.000000 0.000000
-0.000000 -0.000000 1.000000 -0.000000
0.000000 0.457150 -0.000000 1.000000
BoneName: mixamorig:LeftLeg_$AssimpFbx$_PreRotation
BoneIndex: 86
ParentIndex: 85
BoneChildCount: 1
87
1.000000 0.000000 0.000000 0.000000
0.000000 1.000000 0.000000 0.000000
0.000000 0.000000 1.000000 0.000000
0.000000 0.000000 0.000000 1.000000
1.000000 0.000000 -0.000000 0.000000
0.000000 0.995380 0.096019 0.000000
-0.000000 -0.096019 0.995380 -0.000000
0.000000 0.000000 -0.000000 1.000000
BoneName: mixamorig:LeftLeg_$AssimpFbx$_Rotation
BoneIndex: 87
ParentIndex: 86
BoneChildCount: 1
88
1.000000 0.000000 0.000000 0.000000
0.000000 1.000000 0.000000 0.000000
0.000000 0.000000 1.000000 0.000000
0.000000 0.000000 0.000000 1.000000
1.000000 0.000000 -0.000000 0.000000
-0.000000 1.000000 0.000010 0.000000
0.000000 -0.000010 1.000000 -0.000000
0.000000 0.000000 -0.000000 1.000000
BoneName: mixamorig:LeftLeg
BoneIndex: 88
ParentIndex: 87
BoneChildCount: 1
89
-1.000000 0.000000 0.000000 0.000000
-0.000000 -0.997290 0.073567 0.000000
0.000000 0.073567 0.997290 -0.000000
0.122975 0.641867 -0.037990 1.000000
1.000000 0.000000 -0.000000 0.000000
0.000000 1.000000 -0.000000 0.000000
-0.000000 -0.000000 1.000000 -0.000000
0.000000 0.000000 -0.000000 1.000000
BoneName: mixamorig:LeftFoot_$AssimpFbx$_Translation
BoneIndex: 89
ParentIndex: 88
BoneChildCount: 1
90
1.000000 0.000000 0.000000 0.000000
0.000000 1.000000 0.000000 0.000000
0.000000 0.000000 1.000000 0.000000
0.000000 0.000000 0.000000 1.000000
1.000000 0.000000 -0.000000 0.000000
0.000000 1.000000 -0.000000 0.000000
-0.000000 -0.000000 1.000000 -0.000000
0.000000 0.501640 -0.000000 1.000000
BoneName: mixamorig:LeftFoot_$AssimpFbx$_PreRotation
BoneIndex: 90
ParentIndex: 89
BoneChildCount: 1
91
1.000000 0.000000 0.000000 0.000000
0.000000 1.000000 0.000000 0.000000
0.000000 0.000000 1.000000 0.000000
0.000000 0.000000 0.000000 1.000000
0.994215 0.046716 -0.096714 0.000000
-0.106793 0.525987 -0.843761 0.000000
0.011453 0.849209 0.527933 -0.000000
0.000000 0.000000 -0.000000 1.000000
BoneName: mixamorig:LeftFoot
BoneIndex: 91
ParentIndex: 90
BoneChildCount: 1
92
-0.994215 0.106793 -0.011453 0.000000
-0.053704 -0.586631 -0.808072 0.000000
-0.093015 -0.802782 0.588972 -0.000000
0.132488 0.092679 0.100435 1.000000
1.000000 0.000000 -0.000000 0.000000
0.000000 1.000000 -0.000000 0.000000
-0.000000 -0.000000 1.000000 -0.000000
0.000000 0.000000 -0.000000 1.000000
BoneName: mixamorig:LeftToeBase_$AssimpFbx$_Translation
BoneIndex: 92
ParentIndex: 91
BoneChildCount: 1
93
1.000000 0.000000 0.000000 0.000000
0.000000 1.000000 0.000000 0.000000
0.000000 0.000000 1.000000 0.000000
0.000000 0.000000 0.000000 1.000000
1.000000 0.000000 -0.000000 0.000000
0.000000 1.000000 -0.000000 0.000000
-0.000000 -0.000000 1.000000 -0.000000
0.000000 0.243000 -0.000000 1.000000
BoneName: mixamorig:LeftToeBase_$AssimpFbx$_PreRotation
BoneIndex: 93
ParentIndex: 92
BoneChildCount: 1
94
1.000000 0.000000 0.000000 0.000000
0.000000 1.000000 0.000000 0.000000
0.000000 0.000000 1.000000 0.000000
0.000000 0.000000 0.000000 1.000000
0.998557 -0.030829 -0.043981 0.000000
-0.000872 0.809449 -0.587190 0.000000
0.053703 0.586381 0.808253 -0.000000
0.000000 0.000000 -0.000000 1.000000
BoneName: mixamorig:LeftToeBase
BoneIndex: 94
ParentIndex: 93
BoneChildCount: 1
95
-0.995569 0.094036 -0.000027 0.000000
-0.000002 -0.000309 -1.000000 0.000000
-0.094036 -0.995569 0.000308 -0.000000
0.132514 -0.180767 0.000146 1.000000
1.000000 0.000000 -0.000000 0.000000
0.000000 1.000000 -0.000000 0.000000
-0.000000 -0.000000 1.000000 -0.000000
0.000000 0.000000 -0.000000 1.000000
BoneName: mixamorig:LeftToe_End
BoneIndex: 95
ParentIndex: 94
BoneChildCount: 0
-0.995569 0.094036 -0.000027 0.000000
-0.000002 -0.000309 -1.000000 0.000000
-0.094036 -0.995569 0.000308 -0.000000
0.132514 -0.294896 0.000146 1.000000
1.000000 0.000000 -0.000000 0.000000
0.000000 1.000000 -0.000000 0.000000
-0.000000 -0.000000 1.000000 -0.000000
0.000000 0.114129 -0.000000 1.000000
BoneName: mixamorig:RightUpLeg_$AssimpFbx$_Translation
BoneIndex: 96
ParentIndex: 1
BoneChildCount: 1
97
1.000000 0.000000 0.000000 0.000000
0.000000 1.000000 0.000000 0.000000
0.000000 0.000000 1.000000 0.000000
0.000000 0.000000 0.000000 1.000000
1.000000 0.000000 -0.000000 0.000000
0.000000 1.000000 -0.000000 0.000000
-0.000000 -0.000000 1.000000 -0.000000
-0.122975 -0.067417 0.010003 1.000000
BoneName: mixamorig:RightUpLeg_$AssimpFbx$_PreRotation
BoneIndex: 97
ParentIndex: 96
BoneChildCount: 1
98
1.000000 0.000000 0.000000 0.000000
0.000000 1.000000 0.000000 0.000000
0.000000 0.000000 1.000000 0.000000
0.000000 0.000000 0.000000 1.000000
-1.000000 0.000002 -0.000000 0.000000
-0.000002 -0.999746 -0.022536 0.000000
-0.000000 -0.022536 0.999746 -0.000000
0.000000 0.000000 -0.000000 1.000000
BoneName: mixamorig:RightUpLeg_$AssimpFbx$_Rotation
BoneIndex: 98
ParentIndex: 97
BoneChildCount: 1
99
1.000000 0.000000 0.000000 0.000000
0.000000 1.000000 0.000000 0.000000
0.000000 0.000000 1.000000 0.000000
0.000000 0.000000 0.000000 1.000000
1.000000 0.000003 0.000004 0.000000
-0.000003 1.000000 -0.000005 0.000000
-0.000004 0.000005 1.000000 -0.000000
0.000000 0.000000 -0.000000 1.000000
BoneName: mixamorig:RightUpLeg
BoneIndex: 99
ParentIndex: 98
BoneChildCount: 1
100
-1.000000 0.000003 0.000004 0.000000
-0.000003 -0.999746 -0.022541 0.000000
0.000004 -0.022541 0.999746 -0.000000
-0.122971 1.099703 0.023823 1.000000
1.000000 0.000000 -0.000000 0.000000
0.000000 1.000000 -0.000000 0.000000
-0.000000 -0.000000 1.000000 -0.000000
0.000000 0.000000 -0.000000 1.000000
BoneName: mixamorig:RightLeg_$AssimpFbx$_Translation
BoneIndex: 100
ParentIndex: 99
BoneChildCount: 1
101
1.000000 0.000000 0.000000 0.000000
0.000000 1.000000 0.000000 0.000000
0.000000 0.000000 1.000000 0.000000
0.000000 0.000000 0.000000 1.000000
1.000000 0.000000 -0.000000 0.000000
0.000000 1.000000 -0.000000 0.000000
-0.000000 -0.000000 1.000000 -0.000000
0.000000 0.457154 0.000000 1.000000
BoneName: mixamorig:RightLeg_$AssimpFbx$_PreRotation
BoneIndex: 101
ParentIndex: 100
BoneChildCount: 1
102
1.000000 0.000000 0.000000 0.000000
0.000000 1.000000 0.000000 0.000000
0.000000 0.000000 1.000000 0.000000
0.000000 0.000000 0.000000 1.000000
1.000000 0.000000 -0.000000 0.000000
0.000000 0.995380 0.096019 0.000000
-0.000000 -0.096019 0.995380 -0.000000
0.000000 0.000000 -0.000000 1.000000
BoneName: mixamorig:RightLeg_$AssimpFbx$_Rotation
BoneIndex: 102
