BoneCount: 85
RootBone: 0
BoneName: RootNode
BoneIndex: 0
ParentIndex: -1
BoneChildCount: 2
1
2
1.000000 0.000000 0.000000 0.000000
0.000000 1.000000 0.000000 0.000000
0.000000 0.000000 1.000000 0.000000
0.000000 0.000000 0.000000 1.000000
1.000000 0.000000 -0.000000 0.000000
0.000000 1.000000 -0.000000 0.000000
-0.000000 -0.000000 1.000000 -0.000000
0.000000 0.000000 -0.000000 1.000000
BoneName: MutantMesh
BoneIndex: 1
ParentIndex: 0
BoneChildCount: 0
1.000000 0.000000 0.000000 0.000000
0.000000 1.000000 0.000000 0.000000
0.000000 0.000000 1.000000 0.000000
0.000000 0.000000 0.000000 1.000000
1.000000 0.000000 -0.000000 0.000000
0.000000 1.000000 -0.000000 0.000000
-0.000000 -0.000000 1.000000 -0.000000
0.000000 0.000000 -0.000000 1.000000
BoneName: mixamorig:Hips
BoneIndex: 2
ParentIndex: 0
BoneChildCount: 3
3
59
72
1.000000 -0.000002 0.000000 0.000000
0.000002 1.000000 0.000000 0.000000
-0.000000 0.000000 1.000000 -0.000000
-0.000002 -0.925549 0.045525 1.000000
1.000000 0.000000 -0.000000 0.000000
0.000000 1.000000 -0.000000 0.000000
-0.000000 -0.000000 1.000000 -0.000000
0.000000 0.925549 -0.045525 1.000000
BoneName: mixamorig:Spine_$AssimpFbx$_Translation
BoneIndex: 3
ParentIndex: 2
BoneChildCount: 1
4
1.000000 0.000000 0.000000 0.000000
0.000000 1.000000 0.000000 0.000000
0.000000 0.000000 1.000000 0.000000
0.000000 0.000000 0.000000 1.000000
1.000000 0.000000 -0.000000 0.000000
0.000000 1.000000 -0.000000 0.000000
-0.000000 -0.000000 1.000000 -0.000000
0.000000 0.107639 -0.012435 1.000000
BoneName: mixamorig:Spine_$AssimpFbx$_PreRotation
BoneIndex: 4
ParentIndex: 3
BoneChildCount: 1
5
1.000000 0.000000 0.000000 0.000000
0.000000 1.000000 0.000000 0.000000
0.000000 0.000000 1.000000 0.000000
0.000000 0.000000 0.000000 1.000000
0.999999 0.001451 0.000187 0.000000
-0.001447 0.999847 -0.017414 0.000000
-0.000213 0.017413 0.999848 -0.000000
0.000000 0.000000 -0.000000 1.000000
BoneName: mixamorig:Spine
BoneIndex: 5
ParentIndex: 4
BoneChildCount: 1
6
0.999999 -0.001449 -0.000213 0.000000
0.001452 0.999847 0.017413 0.000000
0.000187 -0.017414 0.999848 -0.000000
-0.001490 -1.034039 0.039960 1.000000
1.000000 0.000000 -0.000000 0.000000
0.000000 1.000000 -0.000000 0.000000
-0.000000 -0.000000 1.000000 -0.000000
0.000000 0.000000 -0.000000 1.000000
BoneName: mixamorig:Spine1_$AssimpFbx$_Translation
BoneIndex: 6
ParentIndex: 5
BoneChildCount: 1
7
1.000000 0.000000 0.000000 0.000000
0.000000 1.000000 0.000000 0.000000
0.000000 0.000000 1.000000 0.000000
0.000000 0.000000 0.000000 1.000000
1.000000 0.000000 -0.000000 0.000000
0.000000 1.000000 -0.000000 0.000000
-0.000000 -0.000000 1.000000 -0.000000
0.000000 0.130633 0.000000 1.000000
BoneName: mixamorig:Spine1_$AssimpFbx$_PreRotation
BoneIndex: 7
ParentIndex: 6
BoneChildCount: 1
8
1.000000 0.000000 0.000000 0.000000
0.000000 1.000000 0.000000 0.000000
0.000000 0.000000 1.000000 0.000000
0.000000 0.000000 0.000000 1.000000
1.000000 0.000198 0.000029 0.000000
-0.000199 0.996141 0.087763 0.000000
-0.000012 -0.087763 0.996141 -0.000000
0.000000 0.000000 -0.000000 1.000000
BoneName: mixamorig:Spine1
BoneIndex: 8
ParentIndex: 7
BoneChildCount: 1
9
0.999999 -0.001661 -0.000096 0.000000
0.001650 0.997517 -0.070403 0.000000
0.000213 0.070403 0.997519 -0.000000
-0.001719 -1.156671 0.142021 1.000000
1.000000 0.000000 -0.000000 0.000000
0.000000 1.000000 -0.000000 0.000000
-0.000000 -0.000000 1.000000 -0.000000
0.000000 0.000000 -0.000000 1.000000
BoneName: mixamorig:Spine2_$AssimpFbx$_Translation
BoneIndex: 9
ParentIndex: 8
BoneChildCount: 1
10
1.000000 0.000000 0.000000 0.000000
0.000000 1.000000 0.000000 0.000000
0.000000 0.000000 1.000000 0.000000
0.000000 0.000000 0.000000 1.000000
1.000000 0.000000 -0.000000 0.000000
0.000000 1.000000 -0.000000 0.000000
-0.000000 -0.000000 1.000000 -0.000000
-0.000000 0.130205 0.000000 1.000000
BoneName: mixamorig:Spine2_$AssimpFbx$_PreRotation
BoneIndex: 10
ParentIndex: 9
BoneChildCount: 1
11
1.000000 0.000000 0.000000 0.000000
0.000000 1.000000 0.000000 0.000000
0.000000 0.000000 1.000000 0.000000
0.000000 0.000000 0.000000 1.000000
0.999999 -0.001661 -0.000096 0.000000
0.001650 0.997517 -0.070403 0.000000
0.000213 0.070403 0.997519 -0.000000
0.000000 0.000000 -0.000000 1.000000
BoneName: mixamorig:Spine2
BoneIndex: 11
ParentIndex: 10
BoneChildCount: 3
12
15
25
1.000000 0.000000 0.000000 0.000000
-0.000000 1.000000 -0.000000 0.000000
-0.000000 -0.000000 1.000000 -0.000000
0.000406 -1.293683 0.051068 1.000000
1.000000 0.000000 -0.000000 0.000000
0.000000 1.000000 -0.000000 0.000000
-0.000000 -0.000000 1.000000 -0.000000
0.000000 0.000000 -0.000000 1.000000
BoneName: mixamorig:Neck
BoneIndex: 12
ParentIndex: 11
BoneChildCount: 1
13
1.000000 0.000000 0.000000 0.000000
-0.000000 1.000000 -0.000000 0.000000
-0.000000 -0.000000 1.000000 -0.000000
0.000525 -1.540389 0.071349 1.000000
1.000000 0.000000 -0.000000 0.000000
0.000000 1.000000 -0.000000 0.000000
-0.000000 -0.000000 1.000000 -0.000000
-0.000119 0.246707 -0.020281 1.000000
BoneName: mixamorig:Head
BoneIndex: 13
ParentIndex: 12
BoneChildCount: 1
14
1.000000 0.000000 0.000000 0.000000
-0.000000 1.000000 -0.000000 0.000000
-0.000000 -0.000000 1.000000 -0.000000
0.000525 -1.628563 0.132375 1.000000
1.000000 0.000000 -0.000000 0.000000
0.000000 1.000000 -0.000000 0.000000
-0.000000 -0.000000 1.000000 -0.000000
-0.000000 0.088173 -0.061026 1.000000
BoneName: mixamorig:HeadTop_End
BoneIndex: 14
ParentIndex: 13
BoneChildCount: 0
1.000000 0.000000 0.000000 0.000000
-0.000000 1.000000 -0.000000 0.000000
-0.000000 -0.000000 1.000000 -0.000000
0.000525 -1.833502 0.129550 1.000000
1.000000 0.000000 -0.000000 0.000000
0.000000 1.000000 -0.000000 0.000000
-0.000000 -0.000000 1.000000 -0.000000
0.000000 0.204939 0.002825 1.000000
BoneName: mixamorig:LeftShoulder_$AssimpFbx$_Translation
BoneIndex: 15
ParentIndex: 11
BoneChildCount: 1
16
1.000000 0.000000 0.000000 0.000000
0.000000 1.000000 0.000000 0.000000
0.000000 0.000000 1.000000 0.000000
0.000000 0.000000 0.000000 1.000000
1.000000 0.000000 -0.000000 0.000000
0.000000 1.000000 -0.000000 0.000000
-0.000000 -0.000000 1.000000 -0.000000
0.095536 0.160654 0.052278 1.000000
BoneName: mixamorig:LeftShoulder_$AssimpFbx$_PreRotation
BoneIndex: 16
ParentIndex: 15
BoneChildCount: 1
17
1.000000 0.000000 0.000000 0.000000
0.000000 1.000000 0.000000 0.000000
0.000000 0.000000 1.000000 0.000000
0.000000 0.000000 0.000000 1.000000
-0.051512 0.000000 0.998672 0.000000
0.992098 0.114556 0.051173 0.000000
-0.114404 0.993417 -0.005901 -0.000000
0.000000 0.000000 -0.000000 1.000000
BoneName: mixamorig:LeftShoulder
BoneIndex: 17
ParentIndex: 16
BoneChildCount: 1
18
-0.051512 0.992098 -0.114404 0.000000
0.000000 0.114556 0.993417 0.000000
0.998672 0.051173 -0.005901 -0.000000
0.003692 -0.261043 -1.433872 1.000000
1.000000 0.000000 -0.000000 0.000000
0.000000 1.000000 -0.000000 0.000000
-0.000000 -0.000000 1.000000 -0.000000
0.000000 0.000000 -0.000000 1.000000
BoneName: mixamorig:LeftArm_$AssimpFbx$_Translation
BoneIndex: 18
ParentIndex: 17
BoneChildCount: 1
19
1.000000 0.000000 0.000000 0.000000
0.000000 1.000000 0.000000 0.000000
0.000000 0.000000 1.000000 0.000000
0.000000 0.000000 0.000000 1.000000
1.000000 0.000000 -0.000000 0.000000
0.000000 1.000000 -0.000000 0.000000
-0.000000 -0.000000 1.000000 -0.000000
-0.000000 0.180355 0.000000 1.000000
BoneName: mixamorig:LeftArm_$AssimpFbx$_PreRotation
BoneIndex: 19
ParentIndex: 18
BoneChildCount: 1
20
1.000000 0.000000 0.000000 0.000000
0.000000 1.000000 0.000000 0.000000
0.000000 0.000000 1.000000 0.000000
0.000000 0.000000 0.000000 1.000000
0.999993 -0.003705 0.000427 0.000000
0.003729 0.993410 -0.114558 0.000000
-0.000000 0.114559 0.993416 -0.000000
0.000000 0.000000 -0.000000 1.000000
BoneName: mixamorig:LeftArm
BoneIndex: 20
ParentIndex: 19
BoneChildCount: 1
21
-0.055236 0.998473 0.000003 0.000000
0.000000 -0.000003 1.000000 0.000000
0.998473 0.055236 0.000000 -0.000000
0.004714 -0.274213 -1.474998 1.000000
1.000000 0.000000 -0.000000 0.000000
0.000000 1.000000 -0.000000 0.000000
-0.000000 -0.000000 1.000000 -0.000000
0.000000 0.000000 -0.000000 1.000000
BoneName: mixamorig:LeftForeArm_$AssimpFbx$_Translation
BoneIndex: 21
ParentIndex: 20
BoneChildCount: 1
22
1.000000 0.000000 0.000000 0.000000
0.000000 1.000000 0.000000 0.000000
0.000000 0.000000 1.000000 0.000000
0.000000 0.000000 0.000000 1.000000
1.000000 0.000000 -0.000000 0.000000
0.000000 1.000000 -0.000000 0.000000
-0.000000 -0.000000 1.000000 -0.000000
0.000000 0.264151 0.000000 1.000000
BoneName: mixamorig:LeftForeArm_$AssimpFbx$_PreRotation
BoneIndex: 22
ParentIndex: 21
BoneChildCount: 1
23
1.000000 0.000000 0.000000 0.000000
0.000000 1.000000 0.000000 0.000000
0.000000 0.000000 1.000000 0.000000
0.000000 0.000000 0.000000 1.000000
0.998473 0.055237 0.000000 0.000000
-0.055237 0.998473 0.000017 0.000000
0.000001 -0.000017 1.000000 -0.000000
0.000000 0.000000 -0.000000 1.000000
BoneName: mixamorig:LeftForeArm
BoneIndex: 23
ParentIndex: 22
BoneChildCount: 1
24
0.000001 1.000000 -0.000013 0.000000
0.000000 0.000013 1.000000 0.000000
1.000000 -0.000001 0.000000 -0.000000
-0.025031 -0.537827 -1.474989 1.000000
1.000000 0.000000 -0.000000 0.000000
0.000000 1.000000 -0.000000 0.000000
-0.000000 -0.000000 1.000000 -0.000000
0.000000 0.000000 -0.000000 1.000000
BoneName: mixamorig:LeftHand
BoneIndex: 24
ParentIndex: 23
BoneChildCount: 0
0.000001 1.000000 -0.000013 0.000000
0.000000 0.000013 1.000000 0.000000
1.000000 -0.000001 0.000000 -0.000000
-0.025031 -0.805361 -1.474989 1.000000
1.000000 0.000000 -0.000000 0.000000
0.000000 1.000000 -0.000000 0.000000
-0.000000 -0.000000 1.000000 -0.000000
-0.000000 0.267534 0.000000 1.000000
BoneName: mixamorig:RightShoulder_$AssimpFbx$_Translation
BoneIndex: 25
ParentIndex: 11
BoneChildCount: 1
26
1.000000 0.000000 0.000000 0.000000
0.000000 1.000000 0.000000 0.000000
0.000000 0.000000 1.000000 0.000000
0.000000 0.000000 0.000000 1.000000
1.000000 0.000000 -0.000000 0.000000
0.000000 1.000000 -0.000000 0.000000
-0.000000 -0.000000 1.000000 -0.000000
-0.095536 0.160654 0.052278 1.000000
BoneName: mixamorig:RightShoulder_$AssimpFbx$_PreRotation
BoneIndex: 26
ParentIndex: 25
BoneChildCount: 1
27
1.000000 0.000000 0.000000 0.000000
0.000000 1.000000 0.000000 0.000000
0.000000 0.000000 1.000000 0.000000
0.000000 0.000000 0.000000 1.000000
-0.051746 0.000000 -0.998660 0.000000
-0.992025 0.115079 0.051402 0.000000
0.114925 0.993356 -0.005955 -0.000000
0.000000 0.000000 -0.000000 1.000000
BoneName: mixamorig:RightShoulder
BoneIndex: 27
ParentIndex: 26
BoneChildCount: 1
28
-0.051746 -0.992025 0.114925 0.000000
0.000000 0.115079 0.993356 0.000000
-0.998660 0.051402 -0.005955 -0.000000
-0.003756 -0.262602 -1.433641 1.000000
1.000000 0.000000 -0.000000 0.000000
0.000000 1.000000 -0.000000 0.000000
-0.000000 -0.000000 1.000000 -0.000000
0.000000 0.000000 -0.000000 1.000000
BoneName: mixamorig:RightArm_$AssimpFbx$_Translation
BoneIndex: 28
ParentIndex: 27
BoneChildCount: 1
29
1.000000 0.000000 0.000000 0.000000
0.000000 1.000000 0.000000 0.000000
0.000000 0.000000 1.000000 0.000000
0.000000 0.000000 0.000000 1.000000
1.000000 0.000000 -0.000000 0.000000
0.000000 1.000000 -0.000000 0.000000
-0.000000 -0.000000 1.000000 -0.000000
0.000000 0.179551 -0.000000 1.000000
BoneName: mixamorig:RightArm_$AssimpFbx$_PreRotation
BoneIndex: 29
ParentIndex: 28
BoneChildCount: 1
30
1.000000 0.000000 0.000000 0.000000
0.000000 1.000000 0.000000 0.000000
0.000000 0.000000 1.000000 0.000000
0.000000 0.000000 0.000000 1.000000
0.999994 0.003472 -0.000402 0.000000
-0.003495 0.993349 -0.115089 0.000000
-0.000000 0.115090 0.993355 -0.000000
0.000000 0.000000 -0.000000 1.000000
BoneName: mixamorig:RightArm
BoneIndex: 30
ParentIndex: 29
BoneChildCount: 1
31
-0.055236 -0.998473 -0.000010 0.000000
0.000000 -0.000010 1.000000 0.000000
-0.998473 0.055236 0.000001 -0.000000
-0.004714 -0.274203 -1.475002 1.000000
1.000000 0.000000 -0.000000 0.000000
0.000000 1.000000 -0.000000 0.000000
-0.000000 -0.000000 1.000000 -0.000000
0.000000 0.000000 -0.000000 1.000000
BoneName: mixamorig:RightForeArm_$AssimpFbx$_Translation
BoneIndex: 31
ParentIndex: 30
BoneChildCount: 1
32
1.000000 0.000000 0.000000 0.000000
0.000000 1.000000 0.000000 0.000000
0.000000 0.000000 1.000000 0.000000
0.000000 0.000000 0.000000 1.000000
1.000000 0.000000 -0.000000 0.000000
0.000000 1.000000 -0.000000 0.000000
-0.000000 -0.000000 1.000000 -0.000000
0.000000 0.264151 -0.000000 1.000000
BoneName: mixamorig:RightForeArm_$AssimpFbx$_PreRotation
BoneIndex: 32
ParentIndex: 31
BoneChildCount: 1
33
1.000000 0.000000 0.000000 0.000000
0.000000 1.000000 0.000000 0.000000
0.000000 0.000000 1.000000 0.000000
0.000000 0.000000 0.000000 1.000000
0.998473 -0.055237 -0.000001 0.000000
0.055237 0.998473 0.000023 0.000000
-0.000001 -0.000023 1.000000 -0.000000
0.000000 0.000000 -0.000000 1.000000
BoneName: mixamorig:RightForeArm
BoneIndex: 33
ParentIndex: 32
BoneChildCount: 1
34
0.000001 -1.000000 0.000013 0.000000
0.000000 0.000013 1.000000 0.000000
-1.000000 -0.000001 0.000000 -0.000000
0.025030 -0.537827 -1.474989 1.000000
1.000000 0.000000 -0.000000 0.000000
0.000000 1.000000 -0.000000 0.000000
-0.000000 -0.000000 1.000000 -0.000000
0.000000 0.000000 -0.000000 1.000000
BoneName: mixamorig:RightHand
BoneIndex: 34
ParentIndex: 33
BoneChildCount: 3
35
43
49
0.000001 -1.000000 0.000013 0.000000
0.000000 0.000013 1.000000 0.000000
-1.000000 -0.000001 0.000000 -0.000000
0.025030 -0.805361 -1.474989 1.000000
1.000000 0.000000 -0.000000 0.000000
0.000000 1.000000 -0.000000 0.000000
-0.000000 -0.000000 1.000000 -0.000000
-0.000000 0.267534 0.000000 1.000000
BoneName: mixamorig:RightHandIndex1_$AssimpFbx$_Translation
BoneIndex: 35
ParentIndex: 34
BoneChildCount: 1
36
1.000000 0.000000 0.000000 0.000000
0.000000 1.000000 0.000000 0.000000
0.000000 0.000000 1.000000 0.000000
0.000000 0.000000 0.000000 1.000000
1.000000 0.000000 -0.000000 0.000000
0.000000 1.000000 -0.000000 0.000000
-0.000000 -0.000000 1.000000 -0.000000
0.086542 0.184478 0.014796 1.000000
BoneName: mixamorig:RightHandIndex1_$AssimpFbx$_PreRotation
BoneIndex: 36
ParentIndex: 35
BoneChildCount: 1
37
1.000000 0.000000 0.000000 0.000000
0.000000 1.000000 0.000000 0.000000
0.000000 0.000000 1.000000 0.000000
0.000000 0.000000 0.000000 1.000000
1.000000 0.000001 0.000000 0.000000
-0.000001 1.000000 -0.000013 0.000000
-0.000000 0.000013 1.000000 -0.000000
0.000000 0.000000 -0.000000 1.000000
BoneName: mixamorig:RightHandIndex1
BoneIndex: 37
ParentIndex: 36
BoneChildCount: 1
38
0.000000 -1.000000 -0.000000 0.000000
-0.000000 -0.000000 1.000000 0.000000
-1.000000 -0.000000 -0.000000 -0.000000
-0.061512 -0.989820 -1.489799 1.000000
1.000000 0.000000 -0.000000 0.000000
0.000000 1.000000 -0.000000 0.000000
-0.000000 -0.000000 1.000000 -0.000000
0.000000 0.000000 -0.000000 1.000000
BoneName: mixamorig:RightHandIndex2
BoneIndex: 38
ParentIndex: 37
BoneChildCount: 1
39
0.000000 -1.000000 -0.000000 0.000000
-0.000000 -0.000000 1.000000 0.000000
-1.000000 -0.000000 -0.000000 -0.000000
-0.061512 -1.064963 -1.489799 1.000000
1.000000 0.000000 -0.000000 0.000000
0.000000 1.000000 -0.000000 0.000000
-0.000000 -0.000000 1.000000 -0.000000
-0.000000 0.075144 -0.000000 1.000000
BoneName: mixamorig:RightHandIndex3_$AssimpFbx$_Translation
BoneIndex: 39
ParentIndex: 38
BoneChildCount: 1
40
1.000000 0.000000 0.000000 0.000000
0.000000 1.000000 0.000000 0.000000
0.000000 0.000000 1.000000 0.000000
0.000000 0.000000 0.000000 1.000000
1.000000 0.000000 -0.000000 0.000000
0.000000 1.000000 -0.000000 0.000000
-0.000000 -0.000000 1.000000 -0.000000
-0.000000 0.074894 -0.000000 1.000000
BoneName: mixamorig:RightHandIndex3_$AssimpFbx$_PreRotation
BoneIndex: 40
ParentIndex: 39
BoneChildCount: 1
41
1.000000 0.000000 0.000000 0.000000
0.000000 1.000000 0.000000 0.000000
0.000000 0.000000 1.000000 0.000000
0.000000 0.000000 0.000000 1.000000
0.999532 -0.030581 -0.000000 0.000000
0.030455 0.995433 -0.090470 0.000000
0.002767 0.090428 0.995899 -0.000000
0.000000 0.000000 -0.000000 1.000000
BoneName: mixamorig:RightHandIndex3
BoneIndex: 41
ParentIndex: 40
BoneChildCount: 1
42
0.030581 -0.995433 -0.090428 0.000000
0.000000 -0.090470 0.995899 0.000000
-0.999532 -0.030455 -0.002767 -0.000000
-0.026626 -1.001743 -1.586935 1.000000
1.000000 0.000000 -0.000000 0.000000
0.000000 1.000000 -0.000000 0.000000
-0.000000 -0.000000 1.000000 -0.000000
0.000000 0.000000 -0.000000 1.000000
BoneName: mixamorig:RightHandIndex4
BoneIndex: 42
ParentIndex: 41
BoneChildCount: 0
0.030581 -0.995433 -0.090428 0.000000
0.000000 -0.090470 0.995899 0.000000
-0.999532 -0.030455 -0.002767 -0.000000
-0.026626 -1.069440 -1.586935 1.000000
1.000000 0.000000 -0.000000 0.000000
0.000000 1.000000 -0.000000 0.000000
-0.000000 -0.000000 1.000000 -0.000000
-0.000000 0.067697 -0.000000 1.000000
BoneName: mixamorig:RightHandPinky1_$AssimpFbx$_Translation
BoneIndex: 43
ParentIndex: 34
BoneChildCount: 1
44
1.000000 0.000000 0.000000 0.000000
0.000000 1.000000 0.000000 0.000000
0.000000 0.000000 1.000000 0.000000
0.000000 0.000000 0.000000 1.000000
1.000000 0.000000 -0.000000 0.000000
0.000000 1.000000 -0.000000 0.000000
-0.000000 -0.000000 1.000000 -0.000000
-0.100031 0.175078 -0.004780 1.000000
BoneName: mixamorig:RightHandPinky1_$AssimpFbx$_PreRotation
BoneIndex: 44
ParentIndex: 43
BoneChildCount: 1
45
1.000000 0.000000 0.000000 0.000000
0.000000 1.000000 0.000000 0.000000
0.000000 0.000000 1.000000 0.000000
0.000000 0.000000 0.000000 1.000000
0.000001 0.000013 1.000000 0.000000
-0.000001 1.000000 -0.000013 0.000000
-1.000000 -0.000001 0.000001 -0.000000
0.000000 0.000000 -0.000000 1.000000
BoneName: mixamorig:RightHandPinky1
BoneIndex: 45
ParentIndex: 44
BoneChildCount: 1
46
-0.000000 -1.000000 0.000000 0.000000
1.000000 -0.000000 0.000001 0.000000
-0.000001 0.000000 1.000000 -0.000000
-1.470222 -0.980420 -0.125062 1.000000
1.000000 0.000000 -0.000000 0.000000
0.000000 1.000000 -0.000000 0.000000
-0.000000 -0.000000 1.000000 -0.000000
0.000000 0.000000 -0.000000 1.000000
BoneName: mixamorig:RightHandPinky2
BoneIndex: 46
ParentIndex: 45
BoneChildCount: 1
47
-0.000000 -1.000000 0.000000 0.000000
1.000000 -0.000000 0.000001 0.000000
-0.000001 0.000000 1.000000 -0.000000
-1.470222 -1.050862 -0.125062 1.000000
1.000000 0.000000 -0.000000 0.000000
0.000000 1.000000 -0.000000 0.000000
-0.000000 -0.000000 1.000000 -0.000000
-0.000000 0.070442 -0.000000 1.000000
BoneName: mixamorig:RightHandPinky3
BoneIndex: 47
ParentIndex: 46
BoneChildCount: 1
48
-0.000000 -1.000000 0.000000 0.000000
1.000000 -0.000000 0.000001 0.000000
-0.000001 0.000000 1.000000 -0.000000
-1.470222 -1.121651 -0.125062 1.000000
1.000000 0.000000 -0.000000 0.000000
0.000000 1.000000 -0.000000 0.000000
-0.000000 -0.000000 1.000000 -0.000000
-0.000000 0.070789 -0.000000 1.000000
BoneName: mixamorig:RightHandPinky4
BoneIndex: 48
ParentIndex: 47
BoneChildCount: 0
-0.000000 -1.000000 0.000000 0.000000
1.000000 -0.000000 0.000001 0.000000
-0.000001 0.000000 1.000000 -0.000000
-1.470222 -1.192580 -0.125062 1.000000
1.000000 0.000000 -0.000000 0.000000
0.000000 1.000000 -0.000000 0.000000
-0.000000 -0.000000 1.000000 -0.000000
-0.000000 0.070930 -0.000000 1.000000
BoneName: mixamorig:RightHandThumb1_$AssimpFbx$_Translation
BoneIndex: 49
ParentIndex: 34
BoneChildCount: 1
50
1.000000 0.000000 0.000000 0.000000
0.000000 1.000000 0.000000 0.000000
0.000000 0.000000 1.000000 0.000000
0.000000 0.000000 0.000000 1.000000
1.000000 0.000000 -0.000000 0.000000
0.000000 1.000000 -0.000000 0.000000
-0.000000 -0.000000 1.000000 -0.000000
0.061635 0.024923 -0.044464 1.000000
BoneName: mixamorig:RightHandThumb1_$AssimpFbx$_PreRotation
BoneIndex: 50
ParentIndex: 49
BoneChildCount: 1
51
1.000000 0.000000 0.000000 0.000000
0.000000 1.000000 0.000000 0.000000
0.000000 0.000000 1.000000 0.000000
0.000000 0.000000 0.000000 1.000000
0.718993 -0.688555 0.094559 0.000000
0.657925 0.630439 -0.411924 0.000000
0.224018 0.358384 0.906299 -0.000000
0.000000 0.000000 -0.000000 1.000000
BoneName: mixamorig:RightHandThumb1
BoneIndex: 51
ParentIndex: 50
BoneChildCount: 1
52
0.688556 -0.630444 -0.358372 0.000000
0.094550 -0.411916 0.906303 0.000000
-0.718993 -0.657925 -0.224018 -0.000000
0.410108 0.041741 -1.602243 1.000000
1.000000 0.000000 -0.000000 0.000000
0.000000 1.000000 -0.000000 0.000000
-0.000000 -0.000000 1.000000 -0.000000
0.000000 0.000000 -0.000000 1.000000
BoneName: mixamorig:RightHandThumb2_$AssimpFbx$_Translation
BoneIndex: 52
ParentIndex: 51
BoneChildCount: 1
53
1.000000 0.000000 0.000000 0.000000
0.000000 1.000000 0.000000 0.000000
0.000000 0.000000 1.000000 0.000000
0.000000 0.000000 0.000000 1.000000
1.000000 0.000000 -0.000000 0.000000
0.000000 1.000000 -0.000000 0.000000
-0.000000 -0.000000 1.000000 -0.000000
0.000000 0.104730 -0.000000 1.000000
BoneName: mixamorig:RightHandThumb2_$AssimpFbx$_PreRotation
BoneIndex: 53
ParentIndex: 52
BoneChildCount: 1
54
1.000000 0.000000 0.000000 0.000000
0.000000 1.000000 0.000000 0.000000
0.000000 0.000000 1.000000 0.000000
0.000000 0.000000 0.000000 1.000000
0.972950 0.230968 -0.004690 0.000000
-0.229873 0.969957 0.079638 0.000000
0.022943 -0.076406 0.996813 -0.000000
0.000000 0.000000 -0.000000 1.000000
BoneName: mixamorig:RightHandThumb2
BoneIndex: 54
ParentIndex: 53
BoneChildCount: 1
55
0.525999 -0.798325 -0.293262 0.000000
-0.007397 -0.349099 0.937057 0.000000
-0.850453 -0.490722 -0.189531 -0.000000
0.391980 -0.282970 -1.582915 1.000000
1.000000 0.000000 -0.000000 0.000000
0.000000 1.000000 -0.000000 0.000000
-0.000000 -0.000000 1.000000 -0.000000
0.000000 0.000000 -0.000000 1.000000
BoneName: mixamorig:RightHandThumb3_$AssimpFbx$_Translation
BoneIndex: 55
ParentIndex: 54
BoneChildCount: 1
56
1.000000 0.000000 0.000000 0.000000
0.000000 1.000000 0.000000 0.000000
0.000000 0.000000 1.000000 0.000000
0.000000 0.000000 0.000000 1.000000
1.000000 0.000000 -0.000000 0.000000
0.000000 1.000000 -0.000000 0.000000
-0.000000 -0.000000 1.000000 -0.000000
0.000000 0.084988 -0.000000 1.000000
BoneName: mixamorig:RightHandThumb3_$AssimpFbx$_PreRotation
BoneIndex: 56
ParentIndex: 55
BoneChildCount: 1
57
1.000000 0.000000 0.000000 0.000000
0.000000 1.000000 0.000000 0.000000
0.000000 0.000000 1.000000 0.000000
0.000000 0.000000 0.000000 1.000000
0.989740 0.142174 -0.014190 0.000000
-0.140194 0.985498 0.095598 0.000000
0.027576 -0.092628 0.995319 -0.000000
0.000000 0.000000 -0.000000 1.000000
BoneName: mixamorig:RightHandThumb3
BoneIndex: 57
ParentIndex: 56
BoneChildCount: 1
58
0.411263 -0.888525 -0.203438 0.000000
-0.070250 -0.253418 0.964803 0.000000
-0.908806 -0.382496 -0.166641 -0.000000
0.358106 -0.568898 -1.530613 1.000000
1.000000 0.000000 -0.000000 0.000000
0.000000 1.000000 -0.000000 0.000000
-0.000000 -0.000000 1.000000 -0.000000
0.000000 0.000000 -0.000000 1.000000
BoneName: mixamorig:RightHandThumb4
BoneIndex: 58
ParentIndex: 57
BoneChildCount: 0
0.411263 -0.888525 -0.203438 0.000000
-0.070250 -0.253418 0.964803 0.000000
-0.908806 -0.382496 -0.166641 -0.000000
0.358106 -0.649150 -1.530613 1.000000
1.000000 0.000000 -0.000000 0.000000
0.000000 1.000000 -0.000000 0.000000
-0.000000 -0.000000 1.000000 -0.000000
0.000000 0.080253 -0.000000 1.000000
BoneName: mixamorig:LeftUpLeg_$AssimpFbx$_Translation
BoneIndex: 59
ParentIndex: 2
BoneChildCount: 1
60
1.000000 0.000000 0.000000 0.000000
0.000000 1.000000 0.000000 0.000000
0.000000 0.000000 1.000000 0.000000
0.000000 0.000000 0.000000 1.000000
1.000000 0.000000 -0.000000 0.000000
0.000000 1.000000 -0.000000 0.000000
-0.000000 -0.000000 1.000000 -0.000000
0.136560 -0.071353 -0.001297 1.000000
BoneName: mixamorig:LeftUpLeg_$AssimpFbx$_PreRotation
BoneIndex: 60
ParentIndex: 59
BoneChildCount: 1
61
1.000000 0.000000 0.000000 0.000000
0.000000 1.000000 0.000000 0.000000
0.000000 0.000000 1.000000 0.000000
0.000000 0.000000 0.000000 1.000000
-1.000000 0.000001 -0.000000 0.000000
-0.000001 -0.999151 -0.041209 0.000000
-0.000000 -0.041209 0.999151 -0.000000
0.000000 0.000000 -0.000000 1.000000
BoneName: mixamorig:LeftUpLeg
BoneIndex: 61
ParentIndex: 60
BoneChildCount: 1
62
-1.000000 0.000001 0.000000 0.000000
-0.000001 -0.999151 -0.041209 0.000000
0.000000 -0.041209 0.999151 -0.000000
0.136560 0.851541 0.081983 1.000000
1.000000 0.000000 -0.000000 0.000000
0.000000 1.000000 -0.000000 0.000000
-0.000000 -0.000000 1.000000 -0.000000
0.000000 0.000000 -0.000000 1.000000
BoneName: mixamorig:LeftLeg_$AssimpFbx$_Translation
BoneIndex: 62
ParentIndex: 61
BoneChildCount: 1
63
1.000000 0.000000 0.000000 0.000000
0.000000 1.000000 0.000000 0.000000
0.000000 0.000000 1.000000 0.000000
0.000000 0.000000 0.000000 1.000000
1.000000 0.000000 -0.000000 0.000000
0.000000 1.000000 -0.000000 0.000000
-0.000000 -0.000000 1.000000 -0.000000
0.000000 0.359497 0.000000 1.000000
BoneName: mixamorig:LeftLeg_$AssimpFbx$_PreRotation
BoneIndex: 63
ParentIndex: 62
BoneChildCount: 1
64
1.000000 0.000000 0.000000 0.000000
0.000000 1.000000 0.000000 0.000000
0.000000 0.000000 1.000000 0.000000
0.000000 0.000000 0.000000 1.000000
1.000000 -0.000001 -0.000000 0.000000
0.000001 0.993021 0.117941 0.000000
-0.000000 -0.117941 0.993021 -0.000000
0.000000 0.000000 -0.000000 1.000000
BoneName: mixamorig:LeftLeg
BoneIndex: 64
ParentIndex: 63
BoneChildCount: 1
65
-1.000000 0.000000 0.000000 0.000000
0.000000 -0.997037 0.076919 0.000000
0.000000 0.076919 0.997037 -0.000000
0.136560 0.498279 0.023378 1.000000
1.000000 0.000000 -0.000000 0.000000
0.000000 1.000000 -0.000000 0.000000
-0.000000 -0.000000 1.000000 -0.000000
0.000000 0.000000 -0.000000 1.000000
BoneName: mixamorig:LeftFoot_$AssimpFbx$_Translation
BoneIndex: 65
ParentIndex: 64
BoneChildCount: 1
66
1.000000 0.000000 0.000000 0.000000
0.000000 1.000000 0.000000 0.000000
0.000000 0.000000 1.000000 0.000000
0.000000 0.000000 0.000000 1.000000
1.000000 0.000000 -0.000000 0.000000
0.000000 1.000000 -0.000000 0.000000
-0.000000 -0.000000 1.000000 -0.000000
-0.000000 0.344093 0.000000 1.000000
BoneName: mixamorig:LeftFoot_$AssimpFbx$_PreRotation
BoneIndex: 66
ParentIndex: 65
BoneChildCount: 1
67
1.000000 0.000000 0.000000 0.000000
0.000000 1.000000 0.000000 0.000000
0.000000 0.000000 1.000000 0.000000
0.000000 0.000000 0.000000 1.000000
1.000000 0.000001 0.000001 0.000000
-0.000000 0.657688 -0.753290 0.000000
-0.000001 0.753290 0.657688 -0.000000
0.000000 0.000000 -0.000000 1.000000
BoneName: mixamorig:LeftFoot
BoneIndex: 67
ParentIndex: 66
BoneChildCount: 1
68
-1.000000 0.000000 0.000002 0.000000
-0.000001 -0.713683 -0.700469 0.000000
0.000001 -0.700469 0.713683 -0.000000
0.136560 0.083796 0.131522 1.000000
1.000000 0.000000 -0.000000 0.000000
0.000000 1.000000 -0.000000 0.000000
-0.000000 -0.000000 1.000000 -0.000000
0.000000 0.000000 -0.000000 1.000000
BoneName: mixamorig:LeftToeBase_$AssimpFbx$_Translation
BoneIndex: 68
ParentIndex: 67
BoneChildCount: 1
69
1.000000 0.000000 0.000000 0.000000
0.000000 1.000000 0.000000 0.000000
0.000000 0.000000 1.000000 0.000000
0.000000 0.000000 0.000000 1.000000
1.000000 0.000000 -0.000000 0.000000
0.000000 1.000000 -0.000000 0.000000
-0.000000 -0.000000 1.000000 -0.000000
0.000000 0.212880 0.000000 1.000000
BoneName: mixamorig:LeftToeBase_$AssimpFbx$_PreRotation
BoneIndex: 69
ParentIndex: 68
BoneChildCount: 1
70
1.000000 0.000000 0.000000 0.000000
0.000000 1.000000 0.000000 0.000000
0.000000 0.000000 1.000000 0.000000
0.000000 0.000000 0.000000 1.000000
1.000000 0.000001 -0.000000 0.000000
-0.000001 0.700469 -0.713683 0.000000
-0.000001 0.713683 0.700469 -0.000000
0.000000 0.000000 -0.000000 1.000000
BoneName: mixamorig:LeftToeBase
BoneIndex: 70
ParentIndex: 69
BoneChildCount: 1
71
-1.000000 0.000000 0.000002 0.000000
-0.000002 0.000000 -1.000000 0.000000
-0.000000 -1.000000 -0.000000 -0.000000
0.136560 -0.184285 0.000002 1.000000
1.000000 0.000000 -0.000000 0.000000
0.000000 1.000000 -0.000000 0.000000
-0.000000 -0.000000 1.000000 -0.000000
0.000000 0.000000 -0.000000 1.000000
BoneName: mixamorig:LeftToe_End
BoneIndex: 71
ParentIndex: 70
BoneChildCount: 0
-1.000000 0.000000 0.000002 0.000000
-0.000002 0.000000 -1.000000 0.000000
-0.000000 -1.000000 -0.000000 -0.000000
0.136560 -0.353123 0.000002 1.000000
1.000000 0.000000 -0.000000 0.000000
0.000000 1.000000 -0.000000 0.000000
-0.000000 -0.000000 1.000000 -0.000000
-0.000000 0.168838 -0.000000 1.000000
BoneName: mixamorig:RightUpLeg_$AssimpFbx$_Translation
BoneIndex: 72
ParentIndex: 2
BoneChildCount: 1
73
1.000000 0.000000 0.000000 0.000000
0.000000 1.000000 0.000000 0.000000
0.000000 0.000000 1.000000 0.000000
0.000000 0.000000 0.000000 1.000000
1.000000 0.000000 -0.000000 0.000000
0.000000 1.000000 -0.000000 0.000000
-0.000000 -0.000000 1.000000 -0.000000
-0.136560 -0.071352 -0.001297 1.000000
BoneName: mixamorig:RightUpLeg_$AssimpFbx$_PreRotation
BoneIndex: 73
ParentIndex: 72
BoneChildCount: 1
74
1.000000 0.000000 0.000000 0.000000
0.000000 1.000000 0.000000 0.000000
0.000000 0.000000 1.000000 0.000000
0.000000 0.000000 0.000000 1.000000
-1.000000 0.000003 -0.000000 0.000000
-0.000003 -0.999151 -0.041209 0.000000
-0.000000 -0.041209 0.999151 -0.000000
0.000000 0.000000 -0.000000 1.000000
BoneName: mixamorig:RightUpLeg
BoneIndex: 74
ParentIndex: 73
BoneChildCount: 1
75
-1.000000 -0.000001 0.000000 0.000000
0.000001 -0.999151 -0.041209 0.000000
0.000000 -0.041209 0.999151 -0.000000
-0.136560 0.851541 0.081983 1.000000
1.000000 0.000000 -0.000000 0.000000
0.000000 1.000000 -0.000000 0.000000
-0.000000 -0.000000 1.000000 -0.000000
0.000000 0.000000 -0.000000 1.000000
BoneName: mixamorig:RightLeg_$AssimpFbx$_Translation
BoneIndex: 75
ParentIndex: 74
BoneChildCount: 1
76
1.000000 0.000000 0.000000 0.000000
0.000000 1.000000 0.000000 0.000000
0.000000 0.000000 1.000000 0.000000
0.000000 0.000000 0.000000 1.000000
1.000000 0.000000 -0.000000 0.000000
0.000000 1.000000 -0.000000 0.000000
-0.000000 -0.000000 1.000000 -0.000000
0.000000 0.359497 0.000000 1.000000
BoneName: mixamorig:RightLeg_$AssimpFbx$_PreRotation
BoneIndex: 76
ParentIndex: 75
BoneChildCount: 1
77
1.000000 0.000000 0.000000 0.000000
0.000000 1.000000 0.000000 0.000000
0.000000 0.000000 1.000000 0.000000
0.000000 0.000000 0.000000 1.000000
1.000000 0.000001 0.000000 0.000000
-0.000001 0.993021 0.117941 0.000000
0.000000 -0.117941 0.993021 -0.000000
0.000000 0.000000 -0.000000 1.000000
BoneName: mixamorig:RightLeg
BoneIndex: 77
ParentIndex: 76
BoneChildCount: 1
78
-1.000000 0.000000 0.000000 0.000000
-0.000000 -0.997037 0.076919 0.000000
0.000000 0.076919 0.997037 -0.000000
-0.136560 0.498279 0.023378 1.000000
1.000000 0.000000 -0.000000 0.000000
0.000000 1.000000 -0.000000 0.000000
-0.000000 -0.000000 1.000000 -0.000000
0.000000 0.000000 -0.000000 1.000000
BoneName: mixamorig:RightFoot_$AssimpFbx$_Translation
BoneIndex: 78
ParentIndex: 77
BoneChildCount: 1
79
1.000000 0.000000 0.000000 0.000000
0.000000 1.000000 0.000000 0.000000
0.000000 0.000000 1.000000 0.000000
0.000000 0.000000 0.000000 1.000000
1.000000 0.000000 -0.000000 0.000000
0.000000 1.000000 -0.000000 0.000000
-0.000000 -0.000000 1.000000 -0.000000
-0.000000 0.344093 0.000000 1.000000
BoneName: mixamorig:RightFoot_$AssimpFbx$_PreRotation
BoneIndex: 79
ParentIndex: 78
BoneChildCount: 1
80
1.000000 0.000000 0.000000 0.000000
0.000000 1.000000 0.000000 0.000000
0.000000 0.000000 1.000000 0.000000
0.000000 0.000000 0.000000 1.000000
1.000000 0.000001 0.000001 0.000000
-0.000000 0.657688 -0.753290 0.000000
-0.000001 0.753290 0.657688 -0.000000
0.000000 0.000000 -0.000000 1.000000
BoneName: mixamorig:RightFoot
BoneIndex: 80
ParentIndex: 79
BoneChildCount: 1
81
-1.000000 0.000000 0.000002 0.000000
-0.000001 -0.713683 -0.700469 0.000000
0.000001 -0.700469 0.713683 -0.000000
-0.136560 0.083796 0.131523 1.000000
1.000000 0.000000 -0.000000 0.000000
0.000000 1.000000 -0.000000 0.000000
-0.000000 -0.000000 1.000000 -0.000000
0.000000 0.000000 -0.000000 1.000000
BoneName: mixamorig:RightToeBase_$AssimpFbx$_Translation
BoneIndex: 81
ParentIndex: 80
BoneChildCount: 1
82
1.000000 0.000000 0.000000 0.000000
0.000000 1.000000 0.000000 0.000000
0.000000 0.000000 1.000000 0.000000
0.000000 0.000000 0.000000 1.000000
1.000000 0.000000 -0.000000 0.000000
0.000000 1.000000 -0.000000 0.000000
-0.000000 -0.000000 1.000000 -0.000000
0.000000 0.212880 -0.000000 1.000000
BoneName: mixamorig:RightToeBase_$AssimpFbx$_PreRotation
BoneIndex: 82
ParentIndex: 81
BoneChildCount: 1
83
1.000000 0.000000 0.000000 0.000000
0.000000 1.000000 0.000000 0.000000
0.000000 0.000000 1.000000 0.000000
0.000000 0.000000 0.000000 1.000000
1.000000 0.000001 -0.000000 0.000000
-0.000001 0.700469 -0.713682 0.000000
-0.000001 0.713682 0.700469 -0.000000
0.000000 0.000000 -0.000000 1.000000
BoneName: mixamorig:RightToeBase
BoneIndex: 83
ParentIndex: 82
BoneChildCount: 1
84
-1.000000 -0.000000 0.000002 0.000000
-0.000002 -0.000000 -1.000000 0.000000
0.000000 -1.000000 0.000000 -0.000000
-0.136560 -0.184285 0.000002 1.000000
1.000000 0.000000 -0.000000 0.000000
0.000000 1.000000 -0.000000 0.000000
-0.000000 -0.000000 1.000000 -0.000000
0.000000 0.000000 -0.000000 1.000000
BoneName: mixamorig:RightToe_End
BoneIndex: 84
ParentIndex: 83
BoneChildCount: 0
-1.000000 -0.000000 0.000002 0.000000
-0.000002 -0.000000 -1.000000 0.000000
0.000000 -1.000000 0.000000 -0.000000
-0.136560 -0.353123 0.000002 1.000000
1.000000 0.000000 -0.000000 0.000000
0.000000 1.000000 -0.000000 0.000000
-0.000000 -0.000000 1.000000 -0.000000
-0.000000 0.168838 0.000000 1.000000
